0.106405319271798415
0
0
0
0
0
0.104409311857590628
0
0.140123057319764793
0
0
0.101312869245596696
0
0.210761514550494078
0
0.124813244345230417
0
0
0.0571670494206514834
0
0
0.0265604386777214541
0
0
0
0
0
0
0
0.248142334927989872
0.0886928216236849976
0.0847869836399155474
0.0191034411314100067
0.0512501281672732567
0
0.0884748765975864326
0
0
0
0
0.383530239855467414
0.0115679137508113289
0
0
0
0.247588863279503746
0.0857719641267242483
0.06904238607619817
0
0.0727769807665487045
0.0635628341610265934
0
0
0.0573819031615951103
0
0
0
0.271107486216533911
0.159982362606502893
0
0
0.392305638889180242
0.0113322271668125363
0
0
0
0.181270850645328052
0
0.0946123611806019005
0
0
0
0
0
0
0
0.173571529821895498
0
0.39701053661330854
0
0.075802885661535202
0.0270953710281577886
0
0
0.115048427831869748
0
0
0
0
0
0
0
0
0.256844974498590395
0
0
0.0315349993442466392
0
0
0
0.107445551273710582
0
0
0
0
0.175789679919394731
0
0.188410923418299125
0.179547771007210477
0.0390687497592511479
0.235405076623392051
0
0.0946266393515231008
0
0
0
0.0583195998206011978
0
0
0
0.0199980307911308344
0
0.442773656850222519
0.00134246188488215679
0.143688428267073509
0
0
0
0.217817608670587637
0
0.0925315839865907541
0.442754411998351527
0
0
0.253812724306832327
0
0.195850990388161311
0
0
0.241695901626069298
0.19368996764837032
0.110066676545144709
0
0
0
0
0.177576564655108626
0
0.246377028739268145
0.281473196128781744
0.319202272612898796
0.0882914235012023374
0.0558927202799825995
0
0.0407052877347186398
0.0642662639693778459
0
0
0
0
0.0865738869990957394
0.22199901937241906
0
0
0
0.0708557471020681007
0
0.0232752790882676946
0
0.0259654923147976564
0
0
0
0
0
0.163740171470438289
0.159282684704891653
0.0228352483608765498
0
0
0
0.0867000326212417627
0.192854006956319712
0
0.0263329883205447798
0
0.472419522080458343
0.0361383106697487841
0
0.0486364762126614281
0
0.159870361405964528
0
0
0
0
0.1480216881691446
0
0
0
0.184758715992339118
0.036881488833725995
0
0
0
0.0125613750624332526
0
0
0
0
0
0
0.188450400799760664
0
0.221241194322145091
0
0
0
0.024109227956308002
0
0
0
0
0
0.031885208370769913
0
0
0
0.0756523455723624588
0
0
0.137839453795063127
0
0
0
0.314805390152515185
0.162430098976041326
0
0.0544819005440912163
0
0
0.113367395766426071
0.0717658027184179398
0
0
0
0
0
0.156866293491261355
0
0
0
0
0
0.128984291802985013
0.146613648217683856
0.20290454984273415
0.0705463607981223345
0
0.339709515375031523
0
0
0
0.270672202325042688
0
0.0109306466823233632
0
0
0.0715333350252796984
0
0.157440308510173654
0
0.121315066797817936
0.15489107038057931
0.0268639843023050356
0
0
0.11196020968641017
0
0.196041322889612901
0.312890751267118183
0
0
0.126484387928958109
0
0.128230943823873483
0.0538039034597579402
0
0
0
0.210333662775289337
0.233747703635960202
0.0925803092165277119
0.363569410258361536
0
0.121008520036268094
0
0
0
0
0.0922898320572148878
0.0559545461887252654
0.106427185406205993
0
0
0.0221368297520768142
0.336215621924220054
0
0.164614319531095732
0.335095821898295343
0.0130405266903685646
0
0
0
0
0
0
0
0
0
0
0.264964836161620143
0
0
0.00342947967047041447
0.0417433700498890253
0.0274334308936822549
0
0
0.0336782056061115109
0
0
0.0747606403572701472
0.039283292271030619
0
0
0
0.0574547015512618664
0
0.200584111736730131
0.0349327646508204304
0
0.105267524458044714
0
0.0467625877856855388
0
0.14295604186958219
0.415140733498822967
0.0234658458441665517
0
0
0.206883143652330237
0.000986372890466810648
0.0210249114080195178
0
0.428270689428965845
0
0
0.0522594509558071962
0
0.0334758846047135336
0
0.0401055196796051838
0
0
0.253684712871365681
0
0
0.166949675199725256
0
0
0
0.240800269060552269
0.309175709764430928
0.102347390577667674
0
0.143426787635385522
0
0
0.150641647272345525
0
0
0.208204455060915866
0.123623427272078978
0
0.394135585919012321
0.0131953558809884235
0.0444158447437971379
0.0779992387537221943
0
0
0
0
0
0.0638738240104290422
0
0
0
0
0
0
0.0143074042857423006
0
0.0134300153931975301
0.0712738600568312286
0
0
0.0613419477587314257
0
0.103471924479586724
0
0.0351014551950142029
0.058399729775703145
0
0.0628832015549311008
0
0
0.047147776660492087
0.00161248407980715824
0
0
0.0406991329103752325
0.0222185754933731244
0
0.0661845281923630901
0.0731014033396309992
0.110594113942565742
0
0.117839437693854854
0
0
0
0
0
0.0434801256535429989
0.0627585633753484917
0
0.112322705412700619
0.0169940070525142137
0.0130055015080090507
0
0.00110055497731131879
0
0.0890696641037819203
0
0
0
0
0
0
0
0
0
0.00464724681877906696
0
0
0.0384666464890465049
0
0.0137555845747331096
0
0.0177005151960981516
0
0
0
0.18103668882637991
0
0
0
0
0
0.116658267717313746
0
0.0445392883457078337
0.140454524411594506
0
0
0
0
0
0
0
0
0
0
0
0
0
0.0964880486313771102
0
0
0
0
0
0
0
0
0.0267213783964305313
0
0.0504484666436331164
0.0316935369444158732
0
0
0
0
0
0.00126415322819799572
0
0
0
0
0
0
0
0
0
0.104614350201086337
0
0
0
0
0.0153495323183788779
0
0
0
0
0
0
0
0.040155820744792195
0
0.0248264564180500358
0
0
0.12271978994545632
0.0643394554895212883
0
0
0
0
0.00672678446381155815
0
0
0
0
0
0
0
0
0.025537133894200318
0
0
0
0
0.0215030851890971215
0
0
0
0
0
0
0
0
0.0468368554796489492
0
0.0173262616807652869
0.0635509091754377087
0
0
0.0351092457647921297
0.112615993348374022
0
0
0
0
0.0743075829499424551
0
0
0
0.0219602949410676596
0.0159757076277988949
0
0
0
0
0
0
0.0214179545247291866
0.00582903910988030738
0
0.00165532086666908551
0
0
0
0.0327359984045882263
0
0
0
0
0
0
0.141466959716030211
0.0102979601125773243
0
0
0.0990155616848599901
0.0839551431879861226
0
0.0925114444507869615
0.0247998105705407243
0
0
0
0.0652924140768286476
0
0
0.00977064271355312236
0
0.160496893583905564
0
0.0548908773367430824
0
0.0687679937354097465
0.0693300681862849683
0
0
0
0.0452959949691760233
0.073039389340455077
0
0
0
0.0401127250366290142
0
0
0
0.0799165396476750889
0
0
0
0.0216610467155913776
0
0.0574506845845488556
0
0
0.0310283165653154336
0
0
0.00148507704608387761
0
0.031303886472128839
0
0
0.0463666232264321396
0
0.00869245006187091551
0
0
0
0
0
0.0920112747440021139
0.0389659190827607652
0
0.091572994929526419
0.0106066315137166439
0
0.110108373078217664
0.00987857788235977502
0.0590985164007819461
0
0
0
0.015551518987985985
0
0
0.0663990881593714138
0
0.0288435684466243902
0
0
0.0303885274420863521
0.0451535838419721419
0
0
0.0906163979477432602
0
0
0
0.0339536134684777779
0.0056286204109690114
0
0.0395626037926440355
0
0
0
0
0
0
0.0731280569955177207
0
0.177589015604295269
0
0
0
0
0
0
0
0
0
0.0408230687697238026
0
0.0515087220405409385
0
0
0
0
0.0922385870098744315
0
0
0
0
0
0
0.0446668668924784518
0
0.108478066446047849
0.0182893443414920281
0
0
0
0.00536012499666810305
0.149248616698603731
0.00432314189150641466
0.0199915268902887237
0.0235314114993773228
0.0318406893450464967
0
0
0.0141121926577679017
0.0311024413721643148
0.0272146315495029323
0
0.0870801468358006203
0.0206743036136632224
0.0492150714053676067
0
0.0370705276315838467
0
0
0.0473629329197324117
0
0
0
0.0657767242627169957
0
0
0
0
0
0.00289302874968141999
0
0
0.00640740598097971903
0.0241353580251653689
0
0
0
0
0
0.0440262236221456438
0
0
0
0.0148287468403613919
0
0
0.0913897863355803697
0
0.0228481137563945891
0.00534887772328090927
0
0
0.0161822166397118106
0.0564226372435358281
0
0.0779901480243724854
0
0
0.013437428295393912
0
0
0
0
0
0
0
0.0446159602593515781
0
0
0.112679290618972319
0.0443710120830682897
0
0
0.0700017621599962614
0
0.0197407537868769245
0
0
0.00931437960673026435
0
0
0.0252624615794052459
0
0
0
0
0
0
0.00929258480831313127
0
0.000535482743934473371
0
0
0
0
0.0606863247879970008
0.0647560619327600395
0.0295940773968036072
0
0.115192902559380583
0.0108461651483496291
0
0
0.0407669029629960933
0
0
0
0.067714492100853646
0.0389912933562927139
0
0
0
0
0
0
0
0
0
0
0
0
0
0
0
0
0
0
0
0
0.0270186581186921716
0.081191417296171145
0.0566410197411341132
0
0.0220616101912083605
0.012720914665735359
0
0
0
0
0.118206509144761246
0.0024146152164790935
0
0.0989327029091512794
0
0
0.0253229862731211702
0
0
0.0300777862258738427
0
0
0.0153157907331706259
0.0838662636658122906
0
0
0.0175024530351320338
0
0.00372530291261805035
0
0
0
0
0
0
0.172394532407422141
0.0851439629259740371
0
0.0582612901850293602
0.0405725451937962098
0
0.163003273642250202
0.0686388236183584632
0.0799602335492791694
0.00927333804660221764
0
0
0
0
0
0
0
0
0
0.022849408872154281
0.0200289136967747028
0
0
0
0.0924647593368933818
0
0
0
0
0
0
0
0.160385867732942611
0.0522587595783844949
0
0
0.0497699347518625324
0
0
0
0.00238087761043741242
0.0349089334944530094
0
0
0
0.0280134274396961064
0
0
0
0
0
0
0.382484936777570395
0
0
0
0
0
0.0535521147995488764
0
0
0
0.00408535840540996675
0
0
0.0312181314716041269
0
0
0
0
0
0.0515788963638365017
0
0
0
0
0
0.04152496414814702
0
0
0
0
0.0163965871418314535
0
0
0
0.00169682779441404641
0
0
0
0
0.00296889320778845594
0
0
0
0
0
0.195466915598873636
0
0.0709752041363233971
0
0
0
0.0711898705504147578
0
0
0
0
0
0
0.00619369403773606993
0.0114597110721004619
0
0
0.0116393689987983606
0
0
0
0
0.065215053554448621
0.345150929625049008
0
0
0
0
0
0
0
0
0
0
0
0
0
0
0
0.0951817033697586329
0
0
0
0
0
0
0.0457961494458550833
0
0
0
0
0.00210357501754091653
0
0
0.155883552922613217
0
0
0.0838654001727331816
0
0
0
0
0
0
0.182434078776360531
0
0
0
0
0.0267910254211085053
0
0
0
0
0
0
0.04623779954777546
0
0
0.106559055497182364
0.0176146507786602499
0
0.0224663522790665982
0
0
0.0824046204706913726
0
0
0.0209999853619782656
0.0575501186714099805
0.0754362753861971547
0.096481860200375219
0
0.0871803571669504396
0
0
0
0
0
0
0
0
0.0453845473219364193
0
0
0.0865340706640851109
0
0
0
0
0.0215030715455544752
0.0366878838558370723
0
0
0.00707026021901707713
0
0
0.0444229746073462328
0.112835940040220753
0
0.0601811024466452626
0
0.0428206073094347939
0.0524048395654623037
0.0685300688202637037
0
0
0.0534644351233796167
0
0.00932234837177282373
0
0.104361552578865313
0.0512198987712372822
0
0
0.0726179234127953821
0
0
0
0
0.0334023900539640595
0
0.176808131814544023
0
0
0
0.0210761499996790121
0
0.0745400169199734175
0
0
0
0.0598865356493353818
0
0
0
0
0.103173772447796824
0
0.0150838598662023822
0
0
0.0248991191078665602
0
0.0775520709095254557
0.0416105924310893049
0.00909042212827723684
0
0
0
0
0.156276435605016084
0.0665883532041952053
0
0
0.0935674460406597241
0
0.0289999210228390064
0
0.0221550227992048168
0
0.0886091449015913302
0
0
0
0
0.0687559124823352713
0
0
0.0071724950393971228
0
0.0463881033228246836
0
0.00198899562729158881
0
0
0
0
0
0
0
0
0
0
0.00279570124404394937
0
0
0.0279944335958012408
0
0.0637120538556874283
0
0
0.0688037532277149255
0
0
0.11780624835424891
0.0323168670027610544
0
0
0
0
0
0
0.0260717608496302718
0
0.0576037118669227022
0
0
0
0.0484059009169574561
0.0380319953685443884
0
0.090662032822102695
0
0
0
0
0
0
0.109081848760893357
0
0
0.129170155425943456
0
0
0
0
0
0
0
0
0
0.0898817832253792082
0
0
0
0
0
0
0
0
0
0
0
0
0
0.00902660656445704312
0
0
0
0
0.0125214724427553537
0
0.0869084661917988166
0
0
0.102466341480130216
0.0354412786782921652
0
0
0
0.0156633887574396669
0
0
0.100173711290935857
0
0
0
0
0
0
0
0
0
0
0
0.0658513871253102734
0.047087492138132514
0.0641642686596971407
0.0391340280972682364
0
0.00720981176399484308
0
0
0
0
0.0596976956704594053
0.0474370867221546935
0
0
0
0
0
0
0
0
0
0
0
0
0
0.00296651143907851987
0
0
0
0
0
0
0
0.043627771191751645
0.0229876131008672768
0
0.0463016004742575343
0
0
0
0
0
0
0.115220245486231054
0
0.0107789406732369496
0
0.0554503980885806963
0.0412274568437296929
0
0.0166495050668105243
0
0.0544403763350271505
0
0
0
0
0
0.128801120290739923
0
0
0
0
0.00548137588507857654
0
0
0.0167118199555986481
0
0
0
0.021656523718475814
0
0
0
0.114715833976516982
0
0
0
0
0
0.0472050600470170917
0
0.121657886548071165
0
0
0
0
0
0
0
0.0522136341545825083
0
0
0
0.152288360411682644
0.149971135017088308
0
0
0
0
0
0.0395746457364457016
0
0.0366797251694913964
0.0943534754427032551
0
0
0
0
0.0296841666128706064
0
0
0.0271623304098397994
0
0
0
0
0
0
0
0.119045436930190873
0
0
0.0709464853486981573
0
0
0
0.0681778163705759888
0
0
0
0
0
0
0.0729342439702132805
0
0.0549390574756871974
0
0
0.058940794424268611
0
0
0
0
0
0
0
0
0
0
0
0
0
0
0
0
0
0
0
0.0159832052866752949
0
0
0
0
0
0
0.0219631190969898638
0
0.0527909849801697084
0
0
0.00444734625340703627
0
0
0
0
0
0
0
0
0
0.103262285344931537
0
0.0554341116870776252
0.0809939930890680171
0
0
0
0.0254568108971811452
0
0.0238577638498490355
0
0
0
0
0
0
0
0.0509450292147194672
0
0.0288485689416638699
0
0.0254530581645515258
0.0909302398233641507
0.0263165499205410547
0.103725910747995934
0
0
0.157418157503915912
0.171236113871074874
0.068674863782073714
0.0490779461498280084
0.0582497017567203609
0
0.1100163915067537
0
0.0141359561308293056
0.0339506743119898299
0.00356009805644413868
0
0.0109337296143654193
0
0
0
0
0
0
0
0
0.0669132788087661023
0
0.00975040279949301869
0
0
0
0.0829804890505143888
0
0
0.0151748309496440095
0
0
0.0448716519657545165
0
0.134265847094276913
0
0
0
0
0.0131684905038976716
0.00703924302419121559
0
0
0
0
0
0.00641723843443404995
0
0.00530593743018792363
0
0
0.0715030247376557404
0.0595565759969747324
0.0073331505666217843
0
0
0.00975072613531162424
0
0.0749663811776436206
0
0
0.0827720324297360754
0.0121938670746849984
0.0102876971504402975
0
0
0
0
0
0
0.0221584073655326473
0.0683612230438824242
0
0
0
0.0506863676280680936
0
0
0
0.00140373120620723713
0
0.190758776854107581
0
0.028699058051719864
0
0
0
0
0
0
0
0
0
0
0.0786339690521657975
0.00716385654676907069
0
0
0
0
0
0
0
0.181520738938334536
0
0
0
0
0
0
0
0
0
0
0
0
0
0
0.125754920233961315
0
0
0
0.0617921700434267696
0
0.109111145534964371
0
0
0
0
0
0.125287351129707514
0.000873531394321405696
0
0
0.028669682658074333
0
0.0760753924454957986
0
0
0.0626732228543324388
0
0
0
0
0
0.0182074217505644523
0
0
0
0
0.00514058006013450031
0
0.0397347567336954477
0.0514822048730183973
0.0625316264921494946
0
0
0
0
0
0
0
0.100232894791144778
0
0
0
0
0
0
0
0
0.118038583978141723
0
0
0
0
0
0.025950851394978415
0
0
0
0.0537623669945415106
0
0.105633155389114608
0
0.1174678277393226
0.0366386146467701235
0
0.0366469230428433865
0
0
0
0
0.143963990144979737
0
0
0.109129870623903891
0
0
0
0.081446743098810892
0
0
0.0201454665255167177
0.0195754154495620392
0
0.0806404185265977291
0
0
0
0
0.0288556857909305839
0
0
0
0.0198108230691165649
0
0
0
0
0
0
0.179778690767491367
0
0.0937391805986848292
0
0
0.0115773420912411856
0.0561351007769007107
0
0.0233506638858334559
0.211868490429400202
0
0
0
0
0.0154584992595454551
0
0
0
0
0
0
0.0541468212307981145
0
0
0
0
0
0
0
0
0
0.0242903448696740326
0.0355444984208417997
0.0535521426293544961
0
0
0
0
0
0
0.0634871889311598714
0.0433530558857187914
0
0.0786502762634404412
0.0200753727810681973
0
0.0340963473113590557
0.0859203915179946875
0
0
0.142310657274986208
0
0.111024698012814893
0
0
0
0
0
0
0
0.0343621367515380208
0
0
0
0
0.0964545878135245893
0
0.0194759500331703472
0.00677139870696218116
0
0
0
0
0.158670912880907927
0.0128224026570817034
0
0
0
0.0613952442020761699
0
0
0
0.0884436155719496853
0.0147149533218013939
0
0.00198662667438190017
0
0
0
0
0
0.142067164497518578
0.0822348309715275755
0
0
0
0.0582727606738450907
0.126806879405982453
0
0.0385074434560034456
0
0
0.0205962085535170356
0
0.00138445848334711741
0.0163901776392239573
0.0504931217440657415
0
0
0
0
0
0
0
0.0945688485828726361
0.0263254032483466877
0
0
0
0
0
0
0
0.196677710075930268
0
0
0
0
0
0
0
0.0247770995808041863
0
0
0.0629413153002952031
0.103649879596283134
0.121618843864570336
0
0
0
0
0
0
0.0266657786527367234
0
0
0
0
0.186924238464382442
0
0.0410848647999480579
0.101210266427994883
0.0886861385617661591
0.00397252179342416981
0
0
0
0
0.0735065929259455797
0.07406227230651867
0
0
0.0501293915962223099
0
0.0128602110090720173
0
0.0787852999518164065
0
0
0.0835149292329232518
0.0127114667038961023
0.0944168361674425638
0
0
0
0
0
0
0
0.114533699978080064
0.0409086246392486447
0
0.0387710223910990373
0.130053926508938461
0.00989260770444921889
0
0
0.0758893422747431434
0.131864234405258046
0
0.0545498759228176117
0
0
0.117370122022255427
0.111978393039241009
0.0614337446998003273
0.00136838979708263364
0
0
0.0336852384009321826
0
0
0.0372406280315494553
0
0.0383017865836412508
0.0321349504225579424
0.172794647174487337
0.00441293626087654878
0.0112416180648478026
0
0
0.014374072831593733
0
0
0.0372462137363823789
0
0.0525352109307641868
0
0
0
0
0
0
0
0
0
0.0785636130891395612
0
0.00153246658802566604
0
0
0
0
0
0
0.0245519164597164975
0.0146772351647600496
0
0
0
0
0.00750070046632813486
0
0.0312196895648792286
0
0.110026249960325534
0
0
0.0239956323714555289
0.0268321305602449676
0
0.189760730178854448
0
0
0.210437643013378861
0
0
0
0
0
0
0.0155202081321566022
0.0175124336226958749
0
0
0
0
0
0.0277348886085336602
0.0548894737913193931
0
0
0
0
0
0.0690463462793075022
0
0
0.0571763555130108819
0.0916069466640195285
0
0
0
0
0
0.0430129288944064159
0.0323142570017802208
0
0.0488439102261664787
0
0
0.0575640212838936516
0
0
0
0
0
0
0.0638272629303963529
0
0
0
0
0.0179685708177000705
0
0
0
0
0.033059141073856213
0.0244119111014440802
0
0.000718495387068765479
0
0
0.00714847854370417868
0.071429125457076123
0
0
0
0
0
0.0463121604841842741
0.00599216395292125146
0
0
0
0
0.0237783797476827027
0.0140772170460896576
0
0.0428628424828430277
0
0.0324562462460003115
0.00110414641582442727
0.0158493777997170612
0.134553476913260472
0
0
0
0.0378743938900721888
0
0
0
0.119363237637705205
0.0122124744751103687
0.0271812910662780072
0.0446521592092829558
0.00325264483249207426
0
0
0
0
0.0275107753044616932
0
0.050616685956228688
0
0
0
0
0
0
0.0140092221489908075
0
0.0320853266668108122
0.0222801570086448505
0.00585110503974750618
0
0
0
0
0
0
0
0
0.00617775562033492411
0
0
0.000795287595733329411
0
0.0388252705780706281
0
0
0
0
0.149066021390891257
0
0
0
0
0
0
0
0.0758766439635514961
0
0.171315307929586713
0
0.00731508629597481252
0
0.0726307432460790992
0.175479195348442696
0
0
0.133970710631456325
0
0
0
0
0
0
0
0
0
0
0.124748512521035707
0
0
0
0.0559813719376088675
0.000903629649744408861
0
0.0202600852770999651
0
0
0
0
0
0.0692711564253508244
0
0
0
0.106532763134757624
0.00716081756964973178
0
0
0
0
0
0
0
0.0721297855002658167
0.183774251149596363
0
0
0
0.112553176083750095
0.0411641698096690822
0.0650867934378827478
0
0
0
0
0
0
0
0
0
0.0554730880675034926
0
0
0
0
0
0
0.0282398623955253392
0
0.0104184385311710641
0.0656607738613559644
0
0.0106404365957326122
0
0.0591389099336568219
0
0
0
0
0.122452080611438474
0.0686029861266274216
0.070500673490117155
0
0
0.0705839797743387787
0
0
0.0876522194013582001
0
0.0191909340904971026
0
0.0469512904720319271
0
0
0
0
0.0463592020661886817
0
0
0.0142543719725792377
0
0
0
0
0
0.115030482539828185
0
0
0
0
0
0
0
0
0
0.105520257059273828
0
0
0
0
0.0137833898987218262
0
0
0.0321075391587681003
0
0
0.0511761973540789672
0
0
0
0
0
0.00645113421135903864
0
0.00237137227446029136
0
0
0.0752819529473328086
0.0530467143810180522
0.045715453324384446
0.0102593185446128929
0
0.0174272687842064143
0
0.088468898085796388
0
0
0
0
0
0
0
0
0
0
0.0186746865901133152
0
0
0.00977011681702014828
0
0
0
0.0594589322333487977
0
0.000686220432549622394
0.00501054436609800827
0
0
0
0.271110058362845741
0
0
0
0
0
0
0
0.0633018274257085428
0.0256071882054002414
0
0
0
0
0
0
0
0
0.0715196136517525921
0.0450972494280935665
0
0
0
0
0
0
0
0.0587547088228489722
0
0
0
0
0
0
0
0
0
0
0
0
0.14986645275089594
0
0
0.00433110505933372025
0.0174681861945623455
0.101948082046536534
0
0.00954526795985988219
0.191194279089887176
0.00864924664255672937
0.0772143095469526863
0.0916539932484670278
0
0
0
0
0
0
0.0729868218285342624
0.0142728895961125504
0
0
0.0799464634853755546
0
0.015294022327774319
0
0.0795000517977433319
0
0
0
0.0428600146812253141
0
0.0116961165925995557
0.086983781588486464
0
0.00341406934530685824
0
0.0660627790562089978
0
0
0
0.0249734697918523631
0
0
0.00749656254410976941
0
0
0
0
0
0.0652321953980731228
0
0
0.00393922138466615279
0
0
0
0
0.106235710144542569
0.105513047208481037
0
0
0
0
0
0
0.0291780193163452134
0.119924243868746797
0
0.0381928289313922809
0
0.00458892239925383014
0
0
0.0305875071822310218
0
0
0
0
0
0
0
0
0
0
0
0
0.0889315520308105456
0
0
0
0
0.00617714635892997743
0
0.00546315297123069893
0
0
0
0
0.0688564610555543605
0
0
0
0
0.0198639188742260053
0
0.0095643437491515701
0
0
0
0.033390469408163273
0
0
0
0
0
0
0.00807797889252236459
0
0
0
0
0.00760245955739585755
0
0.0611146417678290338
0
0
0.0293605370655275477
0
0
0.0394870283054965382
0
0.150194123792796286
0
0
0
0
0.000892398528583498996
0
0
0
0
0
0.209212339704864719
0.0220053513719437044
0
0.210993043156321947
0
0
0
0
0
0
0
0
0
0
0
0
0
0.0062798599935223326
0
0
0
0
0
0.144078414303511093
0
0
0
0
0.00543491355786501762
0
0
0
0
0.0697013509739784765
0
0
0
0.00593540970925297146
0
0
0
0
0
0.0106492795355554656
0
0.0851941160362819083
0
0
0
0
0
0
0.186145451481343149
0.0217164446037344631
0
0
0
0
0.00462904042279363437
0.0636222902375600946
0.0378623964361235674
0.00624438366894185248
0
0
0.0890155781291744191
0.112508239608779981
0.0325603954490937819
0
0
0
0
0
0.0454009925092295208
0.0479641149846417106
0
0
0
0
0
0
0.0741372591372008449
0.0143472379610131984
0
0.0762216904729276223
0.0380120747884806695
0.0288505603753001251
0
0.0255948098667024837
0.0159786090935484723
0
0
0
0
0
0
0
0
0
0.0886065405698889808
0
0
0
0
0
0.0688328592547487461
0.0438086877429543636
0
0.089136752345443479
0.0193124139630177494
0.0912191784553987306
0
0.0162685797492452267
0.0703054364464122811
0.112349783395288338
0
0
0
0.0192787108990929226
0
0.0386388412561917069
0
0
0
0.0596424582726893804
0.112688393220312419
0
0
0
0
0
0.0868375983575051524
0
0.0292668263249907037
0.0249667667781012792
0
0.0624610476094347583
0
0
0
0
0
0
0.00268392075209011871
0
0
0
0
0
0
0
0
0
0
0
0.0889102413676071957
0
0
0.020421330554936612
0
0
0.0421906668692641762
0
0
0
0.094639948226755366
0.0962832075869073933
0
0
0
0.0211770936426561411
0
0
0
0
0.0355054704307167374
0.0537983663934081396
0.113359174719792788
0
0.0218114585847528908
0
0.0036359237965491592
0.0533161742756272372
0
0
0.0552347777588114847
0
0
0.157018564120588899
0
0
0
0.05702510058764413
0
0
0
0.0844711778967468657
0.000294494485063689915
0
0
0
0
0
0.200805318011800793
0
0
0
0.121219425684041746
0
0
0
0
0
0.0489769010655464188
0
0
0
0
0.0214340116991020915
0
0
0
0.00471838592579970628
0.0062930268392930519
0.0193969612911249686
0.0400181663037855184
0
0
0
0
0
0.026093337484543358
0.0289995733723643068
0
0
0
0
0.00386508883034258899
0.00494269949760255123
0
0.0282417469098478202
0.10034531510882716
0.0460880174585750133
0.189221064358820135
0
0
0
0
0.0488306237528732603
0
0
0
0.09738487980398286
0
0
0
0
0
0.0904503614532125716
0
0
0
0.0278596562845130624
0
0
0
0.0644695244862137362
0
0.0150713245160790932
0
0
0
0.0658266047772716606
0
0.174559024592615741
0
0
0
0
0
0
0
0.117195752367036388
0
0.017410378511698632
0
0
0.0848441005031143891
0
0
0.00591184502106911498
0
0
0
0
0
0
0
0
0.0454766210872102131
0
0.0060240707953397761
0
0
0.0591154489725190108
0.0521157562411678696
0
0.056508348529004479
0
0
0.0131097752278967611
0.09380090041888417
0.0615477000031810634
0
0
0.027169604725111679
0
0
0.0646564362509643026
0
0
0
0
0
0
0
0
0
0.0116410441258726505
0
0
0
0
0
0.0780744223120622971
0
0.0464029002087359213
0
0.00883058939314709801
0.103547545086159931
0
0
0
0
0
0
0
0
0.036248222983090661
0.0734664569087558339
0
0
0
0
0
0
0.0355807240273922909
0.0529892021361696858
0
0
0
0
0
0.0724280937933814706
0
0
0
0
0
0
0.10553586003531007
0
0.0661409808289294687
0
0
0
0
0
0.064811212190775
0
0.0753028867050184736
0
0
0
0.0303765093393333248
0
0
0
0
0
0
0
0.0848482987949503165
0.0291364000090927056
0
0.0159275057196374033
0
0
0
0.0918689246251032654
0
0
0.074487351953970507
0.0470821559385523475
0
0
0.208680977059742423
0
0
0.0239165502901585239
0
0
0
0
0
0
0.0676665619784098116
0
0
0
0
0.000185854044651845643
0
0
0
0.0554025058267420198
0.106653302732803879
0.0692365000879824333
0
0.0608698052240517762
0
0.0787950756640771327
0.0639523289430567604
0
0
0
0
0
0
0
0.0249043675097133099
0
0.0434558812233603736
0
0
0
0.0181993105814729772
0
0.0759943214236490083
0
0.13481095503481999
0
0.0077163010707115981
0
0.115211220507274101
0
0.0123517802187866066
0
0
0.084083526431458222
0
0
0
0
0.0253794219572651691
0
0.077425044532535639
0.0268627938212455813
0
0
0.00407184043080630748
0.0680872681178876227
0
0
0
0.0199860646440968015
0.082728304924408802
0
0
0
0
0
0
0
0
0
0
0.00626186063995497894
0
0
0
0.0235846500440344276
0
0
0
0
0.139044340458497007
0
0
0
0
0
0
0
0
0
0
0
0.0317779150700425173
0
0
0
0
0
0
0.0173277506996097896
0
0
0
0.0943587721385473477
0
0.0175397368908964055
0
0
0
0
0.0705065766662295035
0
0.0017663122168199985
0
0
0.0354408478227454596
0
0
0
0.00571356067053827715
0
0
0
0
0
0
0.0208350299637995728
0
0
0.0935872663947305838
0
0
0
0
0
0
0
0.0902281740078803157
0
0
0
0.0321197224752285682
0
0
0
0
0
0
0.0329353996713499519
0.0738141765642819497
0
0.0804800608079018209
0
0
0
0
0
0.0101014300312586569
0
0.0460995996164128632
0.0379098092793659983
0
0
0.0959899015233992292
0
0
0
0
0.00871874127093942228
0.11389079540632914
0
0
0
0
0
0
0
0
0
0
-0.0748919629206969834
-0.0979798888621912223
-0
-0.115084467429079212
-0
-0.0726602422103381773
-0
-0
-0.125
-0
-0
-0
-0
-0.0475395368203851421
-0
-0.125
-0
-0
-0
-0
-0
-0.00994090291876988108
-0
-0.0202843900791067761
-0
-0
-0.125
-0.0625411785207838494
-0
-0.0724843565823055508
-0
-0
-0
-0
-0
-0.0716045334304306613
-0
-0
-0
-0.0607085199794803049
-0.105237755935206567
-0
-0
-0.0511191289239004837
-0
-0.0128005904594911575
-0.0289173350613140673
-0
-0
-0.125
-0
-0
-0.0132502856081429844
-0
-0.0159639583325612427
-0.0405302832984498207
-0
-0.0908022341712502457
-0
-0.104248640886854843
-0
-0.113260535027411013
-0
-0
-0
-0
-0
-0
-0.0283411395350785834
-0
-0.0701738290532708808
-0.125
-0
-0.0132120168589097975
-0
-0.0466549183437613493
-0
-0
-0.0618155768701938169
-0
-0
-0.107317964192114271
-0
-0
-0.0219944156080261154
-0.11086779578976852
-0
-0
-0
-0.125
-0
-0.0498123772552554328
-0
-0
-0
-0
-0.0328117788395328944
-0.037917642689465271
-0.0559224925728122185
-0
-0.0457875220629086338
-0
-0
-0
-0
-0.125
-0.0514628893825928857
-0.0420133069773888368
-0
-0.0120768897052143751
-0
-0.0499446997945625359
-0
-0.0633229875732106429
-0
-0.0197027037856914444
-0.0157300188151922177
-0.125
-0.0690910665670451396
-0
-0
-0.125
-0
-0
-0
-0
-0.108760462596356147
-0.125
-0
-0
-0.0547044356699648432
-0
-0.00930218250844865036
-0.0328759730782278159
-0
-0
-0
-0.0699343847460369705
-0
-0
-0
-0
-0
-0
-0
-0
-0
-0
-0.117268079504436296
-0
-0
-0.120613382221221421
-0
-0
-0
-0
-0
-0
-0.00433680453799752119
-0
-0
-0.0818176711696363412
-0.00224808235511098076
-0
-0
-0.0438266243083598045
-0
-0
-0
-0
-0
-0.00457027313461456225
-0.0334125687603716442
-0
-0
-0.033944486252355327
-0
-0.00610985846658573806
-0.00140791027662229284
-0
-0
-0
-0.10767253687780734
-0.125
-0
-0
-0
-0.04991440888532718
-0
-0
-0.119293294071055572
-0
-0
-0
-0.0336878180462568122
-0
-0
-0.100589131647649821
-0.0746971783841484105
-0.0392400865589288689
-0
-0.00149392576575826941
-0
-0
-0
-0
-0
-0.0220088627882033087
-0.0341211680309910434
-0
-0.0679219127571377423
-0
-0
-0.0637085062984616285
-0
-0
-0.0582774622868020287
-0
-0.0602887587958865212
-0
-0
-0
-0.0322528296945202575
-0
-0.0688937709944621168
-0
-0
-0
-0
-0
-0
-0.0158913104114466949
-0
-0
-0
-0
-0
-0.0390185763263326685
-0
-0
-0.0921934150543853997
-0.00967708436133534605
-0.125
-0.125
-0
-0
-0
-0
-0
-0.0354209973189870825
-0.0451455984811902772
-0
-0.101619594818597822
-0.00986292051523418589
-0.0215817857978194208
-0
-0
-0
-0
-0
-0.125
-0
-0
-0.0447017083953233502
-0.0267191823670383868
-0
-0
-0
-0.00330047096156686412
-0.071026876202199607
-0.125
-0.043048555425535158
-0
-0
-0.10767794960974883
-0
-0.0456408960426438956
-0
-0
-0.12459624909010239
-0
-0
-0
-0
-0
-0
-0.0424813260405462814
-0
-0
-0.0225979912309486226
-0
-0
-0
-0
-0
-0
-0
-0
-0.0675568018223123706
-0
-0.00652889920059633241
-0.0325686314689908746
-0.116560168960956362
-0
-0
-0
-0
-0
-0
-0
-0
-0
-0.0530577538524105857
-0
-0.0705526278427898446
-0
-0
-0
-0
-0
-0
-0
-0
-0
-0.0451460264653506665
-0.0992989972901167361
-0
-0
-0
-0
-0.110565449383695613
-0
-0.0296670372493059858
-0
-0.125
-0
-0
-0
-0.0606868948599911875
-0
-0.0396497885521015087
-0
-0.0689407360380736994
-0
-0.0209616307671895083
-0
-0.0134636775540486614
-0
-0.0728830204029007056
-0
-0.0151943738865155109
-0
-0
-0
-0
-0
-0
-0
-0
-0.119897785547546973
-0.0308282643204552016
-0.0299545748189710276
-0.0534454491991933622
-0
-0
-0.00688367019610430786
-0.0130889929550142003
-0
-0
-0.00175660334255397024
-0
-0
-0
-0
-0.0727964609218112457
-0
-0.00847291951418245592
-0
-0.124732447025108537
-0.0212227304863114308
-0.0487195765398557717
-0
-0
-0.0229541084809025166
-0.125
-0
-0.0794840470085890066
-0.0314003644425255718
-0
-0.00749115681950516393
-0.0161960707766336948
-0.0399625910633149006
-0
-0
-0.00862913655755118136
-0
-0
-0
-0
-0
-0.0428608900514008476
-0
-0.07118618339801841
-0
-0.0728847879637951612
-0.0289925921606727297
-0.0161221587359639054
-0
-0
-0.0833800220436555772
-0
-0.0446436668414092949
-0.0527308095579984495
-0
-0
-0
-0
-0.0718986282187012993
-0
-0
-0
-0.0465984773890170678
-0
-0
-0
-0
-0.0423328483328446956
-0.0287169584386385152
-0.0971612691732104405
-0
-0
-0.0110113388564065801
-0
-0.125
-0
-0.0391086859367936399
-0.0713241348731351588
-0
-0.0205196111599519615
-0
-0
-0.00413579874331257077
-0
-0.125
-0
-0.125
-0.056381238826188132
-0.0175612387551067652
-0
-0
-0.00157154461928077013
-0.125
-0
-0.0877853830147743847
-0.00960799138460222135
-0
-0
-0.0885084549745450283
-0.032951901810222145
-0
-0
-0
-0
-0.0241319813855340598
-0
-0.109284464220656408
-0.125
-0
-0
-0
-0
-0
-0.00465693594138203229
-0
-0
-0
-0.0201160523331848778
-0
-0
-0
-0
-0
-0
-0
-0
-0
-0
-0
-0
-0
-0
-0
-0.0767486089801861782
-0.0817339585424041309
-0.0679494714633165908
-0
-0
-0.0302302072190979224
-0.125
-0.0292500252500459794
-0.0280270021674743144
-0.0503040360662173613
-0.0488828329405106288
-0
-0
-0.0366052256630051559
-0
-0
-0
-0
-0
-0
-0
-0
-0
-0.0402057192565204585
-0.125
-0.108764484257430349
-0
-0
-0.125
-0
-0
-0
-0
-0
-0
-0
-0
-0
-0
-0.0727298015408616577
-0
-0
-0
-0
-0
-0.125
-0
-0.0778778756196105981
-0
-0
-0
-0
-0.0408975074548140194
-0.0668729842128048396
-0.0250991950125477106
-0
-0
-0
-0
-0
-0.104293589115848101
-0.000559952190983377396
-0
-0
-0.0606848027344757263
-0
-0.0189199924208968591
-0.117285374913180029
-0.0520139902746163951
-0
-0
-0
-0.0228293289264920041
-0
-0
-0
-0
-0
-0.0392010821120939365
-0
-0.011316267088182572
-0.0646228635520105787
-0.00112946211364508761
-0
-0
-0
-0.0613003656555612605
-0.0619681694952968418
-0.118554069751514835
-0
-0.118429774629371432
-0
-0.125
-0
-0
-0.0277978762014034694
-0.0100698710591068663
-0.113690760871240401
-0.0457132480171646705
-0
-0
-0
-0
-0.125
-0
-0.000391726871853013622
-0
-0
-0
-0
-0.125
-0.118776555831463515
-0.0496859929468383837
-0
-0.0118840695148302432
-0
-0.0366016246038649851
-0
-0
-0
-0.0913825798530460143
-0
-0.10909711807032918
-0
-0.0557917304763579647
-0
-0.0105434421786222213
-0
-0
-0.0666175651295034116
-0
-0.00779928599545791357
-0.0433897019972843551
-0.0979100277705581695
-0
-0
-0
-0
-0
-0
-0.0844419158004205972
-0
-0
-0
-0.0178403540148043757
-0.119353259217714128
-0
-0
-0.125
-0.0375154838841022797
-0
-0
-0
-0
-0
-0.0476035019599141823
-0
-0.0862071771883927973
-0
-0
-0.0795826998664945912
-0
-0.00141702033713146658
-0
-0.0189689190720380221
-0
-0
-0.0851717832599072633
-0
-0
-0.00920637682117893957
-0
-0
-0.0591778105375120392
-0
-0
-0
-0.0259788193014763649
-0
-0
-0
-0.0589051917141222153
-0.00653360538712154104
-0.00502325801365356706
-0
-0.116944199314324093
-0
-0
-0.125
-0
-0
-0
-0
-0.000873276974589859423
-0.109084953704486509
-0
-0
-0
-0.0715811956985759473
-0.125
-0.0385435913978240813
-0
-0.101076107395445092
-0.125
-0
-0
-0.125
-0
-0
-0.0837478820741710539
-0
-0
-0
-0
-0.0551451168896406052
-0
-0.0482562239890310524
-0.042567468913508863
-0
-0
-0
-0
-0.0307718763614178888
-0
-0.103797443823802432
-0
-0
-0
-0
-0
-0.112186113155619244
-0
-0.0140166396975983654
-0.0459540337059296949
-0
-0
-0
-0
-0
-0.0518473362217917177
-0
-0
-0
-0.0268314263199113667
-0
-0
-0
-0
-0.00830612251802170104
-0.0677937197163379357
-0.0655890989226542015
-0
-0
-0
-0
-0.00561921947711090108
-0
-0.00171238698135339762
-0
-0
-0.0442327637384123881
-0.0495869436325322988
-0
-0.037494723837256147
-0
-0.0289257761805581382
-0
-0
-0.0159866946631325724
-0.054609917196408557
-0
-0.0813371554511532618
-0.117342930204296231
-0.125
-0.0318841939444563655
-0.0661510751211728254
-0
-0
-0.0667859367637650553
-0.0443065681168273162
-0.0279527569783628027
-0
-0
-0.033913234971179651
-0
-0
-0
-0
-0.0556093185424047787
-0
-0
-0.0330723422899328184
-0
-0
-0
-0
-0
-0
-0.0281828653529449698
-0
-0
-0.00643655015774804995
-0.0254983941698026066
-0.0638155056398442694
-0
-0.0170756702471248946
-0
-0
-0.0116994051001944703
-0.0224255415972344843
-0
-0.125
-0
-0
-0
-0
-0
-0
-0
-0
-0
-0
-0
-0.0223333660459671957
-0.0579093449590834183
-0.0446982452104828371
-0
-0.0315239025708763387
-0
-0
-0
-0
-0.00927445706703064476
-0.105396580253325711
-0
-0.0327266883247021578
-0
-0
-0.01794872849625858
-0
-0.0264976304198838164
-0
-0.125
-0
-0
-0.0749351073821265812
-0.0515418395856008377
-0.125
-0
-0
-0.0114963989174830944
-0.0394204245556011232
-0.0806103008116860892
-0.0445703503055217831
-0
-0
-0.002439909205570856
-0.10753598409971743
-0
-0
-0
-0
-0
-0
-0.110953758045783321
-0
-0.0256229213985259621
-0
-0
-0.096194794862491842
-0
-0
-0
-0
-0
-0
-0
-0
-0.020536339959796597
-0.0838762904455057079
-0
-0
-0
-0
-0
-0
-0.124675844798970231
-0
-0.0374783686946220038
-0
-0
-0
-0.0536018605376222257
-0
-0
-0.0253197474601911388
-0.0379775441393070123
-0
-0
-0.0788958723553348784
-0
-0.100550782334583283
-0
-0.014317182644147608
-0
-0
-0
-0.0865060253465031181
-0.0178370622604882775
-0.0349725734772143998
-0
-0
-0.125
-0
-0.0487184843883583588
-0.125
-0.0213511684517522365
-0
-0
-0
-0
-0.0576550343327784584
-0
-0.0674065882473014466
-0
-0
-0.125
-0
-0.125
-0.074372935245902827
-0
-0.0305632736788553974
-0
-0
-0
-0.125
-0
-0
-0.013457978482631576
-0
-0.125
-0
-0.010761798827533673
-0.0182267238636363883
-0
-0.0464438596155977365
-0.107325564451450597
-0
-0
-0
-0
-0
-0
-0.125
-0
-0.0423834181935435067
-0
-0.0498597795674742966
-0
-0
-0
-0.0983194611896590631
-0
-0
-0
-0.0304075342594751913
-0
-0.00972118497872186821
-0.0250187199483900558
-0.010311842098582491
-0.125
-0
-0.0128271139549788853
-0
-0
-0
-0
-0.0295343539301388611
-0.110514944589900868
-0.0228609482644969303
-0
-0
-0.0571815904643359421
-0.01823081631064008
-0
-0
-0
-0
-0
-0
-0.0664146484172495055
-0.039212024831008066
-0.0964482077529706522
-0
-0
-0.0904854585157373464
-0
-0
-0
-0
-0.0593793051245521813
-0.0206555878524264068
-0
-0
-0
-0
-0
-0
-0
-0
-0
-0
-0.0708161321700076091
-0.0522094647519687344
-0.0770318989944597937
-0
-0
-0
-0
-0.0642121231403020298
-0
-0.00973971973226844812
-0
-0
-0.00426875601929570248
-0
-0
-0.0337013009089814769
-0
-0
-0
-0
-0.0924248376323617421
-0
-0
-0
-0
-0
-0
-0
-0
-0
-0
-0.0251095444903688125
-0
-0.0719593855241954933
-0
-0
-0.0939987544467521946
-0.0048117312165847706
-0.020956669299967326
-0
-0
-0.125
-0
-0
-0.125
-0.0355076631993578307
-0.0304298665508719035
-0
-0.0571428652637826218
-0
-0
-0
-0
-0
-0.0258804262871915602
-0.076051398228493633
-0
-0.120465482963374532
-0.0780220360428774268
-0
-0
-0.0268299331771060662
-0.125
-0
-0.0406010719157305494
-0
-0
-0
-0
-0
-0
-0
-0.0202570414199818027
-0
-0.0834622339040588523
-0
-0
-0
-0.020216601432856883
-0
-0
-0.0369362610861191931
-0.0624963284061144791
-0.0490726606118881137
-0
-0.0140229024290593994
-0
-0
-0.0449308295908059929
-0
-0
-0.125
-0
-0
-0
-0
-0
-0
-0.0390664142789758778
-0.0236274695521289692
-0.0713647020492513412
-0
-0
-0
-0.0107593171433127063
-0
-0.0370590895367789164
-0.0379023332180426428
-0.125
-0.0497445865901941023
-0
-0
-0
-0
-0.0534212379728932069
-0
-0.0669076107952306792
-0
-0.0674008515541322656
-0.125
-0
-0.0759911148843909756
-0
-0.056970803354054661
-0
-0.0424580633738507879
-0
-0
-0.0832325487129841335
-0
-0
-0
-0
-0
-0
-0
-0
-0
-0
-0
-0.0213693687871483046
-0
-0
-0
-0
-0
-0.125
-0
-0
-0
-0
-0
-0
-0
-0
-0
-0
-0.0187535673817919649
-0
-0
-0
-0.0758580483173915965
-0
-0.0764964809541588547
-0.125
-0
-0.106976855366831686
-0
-0
-0
-0.0842039665503600682
-0
-0
-0
-0
-0.0960345679868218755
-0
-0.0107367513951159548
-0.0322294544030344438
-0
-0
-0.0512952264580178938
-0.00628986836101059175
-0.125
-0.0221870522317363754
-0
-0
-0
-0
-0
-0
-0
-0.0187079333845403782
-0.0520228024439896367
-0
-0
-0
-0
-0.124293051473415239
-0
-0
-0.00292500629559591836
-0
-0
-0
-0.125
-0.0122958450689755229
-0
-0.0322611418349068174
-0.125
-0.125
-0.0931438359364440555
-0.0145182062042443858
-0
-0.0108469620783967907
-0
-0
-0.0309959867891235613
-0
-0.117556631395671018
-0.125
-0
-0.125
-0
-0
-0.0308282308803203842
-0
-0
-0
-0
-0
-0
-0
-0
-0
-0.104628067365377192
-0
-0.0464613504183385428
-0.0987442078343632457
-0
-0
-0
-0
-0
-0
-0.0316551341566623859
-0
-0
-0.0241895649213391267
-0
-0.0726142538777554275
-0.125
-0.0611935778269917172
-0
-0.0138300326275528906
-0
-0
-0
-0.125
-0.0497573087401656927
-0
-0.11457427052984237
-0
-0.00447861190748388358
-0
-0
-0
-0
-0.12451497594647408
-0.125
-0
-0
-0
-0
-0
-0.125
-0.00332708454176460205
-0
-0
-0.0244307609149640274
-0.0240922757799038705
-0
-0.0306321965304227305
-0.125
-0
-0.0544998562766281086
-0
-0.0189149656893296096
-0
-0
-0.00680994050457317274
-0
-0
-0.0394192555963068791
-0
-0
-0.00844837207940774167
-0
-0
-0
-0.0355967604434972162
-0.125
-0
-0.0546402990031655475
-0
-0
-0
-0
-0
-0.125
-0.0929920744877055644
-0.0783168227560420704
-0
-0
-0.0693506619676031444
-0.112178752780165009
-0
-0
-0
-0
-0
-0.0556487316696701595
-0.0313092006583372273
-0.0537890161212941781
-0
-0.07377593567749198
-0
-0.125
-0
-0
-0
-0.125
-0
-0
-0.0257944883739883203
-0.108992452009941135
-0
-0.0963515368206744743
-0
-0
-0
-0.0235980428108700235
-0.0617490040127898487
-0.0250390296922656519
-0
-0
-0.125
-0
-0
-0
-0
-0.0330617960290907342
-0.0528661061893658385
-0
-0
-0
-0
-0
-0
-0
-0
-0
-0
-0.0222333558768635503
-0
-0.125
-0.0108859121634246048
-0
-0
-0.0419294546401905444
-0.0997687063947475389
-0.0796894096988135375
-0
-0.125
-0
-0
-0.0321418262660143894
-0
-0.0506099073714265657
-0
-0.030178686843042174
-0
-0
-0
-0.0856111975270566206
-0
-0.0330975378153139793
-0.0193084396759743461
-0.00943936313488411005
-0
-0.0497531384515898789
-0
-0.0689454371827545737
-0
-0.125
-0
-0.0856062309156424839
-0
-0
-0
-0
-0.0646647983726760245
-0.110093799925928465
-0.0672733348659100283
-0.00813113839688528461
-0.0522394936100502444
-0
-0
-0
-0.0662542872338078292
-0
-0.0525473244922678093
-0
-0.00196277385353901129
-0.0705720456777826771
-0
-0
-0
-0
-0
-0
-0
-0
-0.107237231633999161
-0
-0.125
-0
-0.125
-0
-0
-0
-0.0880638964095572241
-0
-0.0326786818476775334
-0
-0
-0
-0.0263462058876159089
-0
-0
-0
-0
-0
-0.0345250689641264652
-0
-0
-0
-0
-0.0512230119515514615
-0
-0.041831443775512657
-0
-0.110486943038284158
-0
-0.0396441972878426308
-0.0475673735943990678
-0.125
-0
-0
-0
-0
-0.125
-0
-0
-0
-0
-0
-0
-0.025671489141480177
-0
-0
-0.0734866511533482092
-0.00151620903246912214
-0
-0
-0.0415857290970913507
-0.0876338578595083351
-0
-0
-0
-0.00144899591606947528
-0
-0
-0.0158508377795325631
-0.125
-0
-0
-0.0396462293868574678
-0.10966613322290128
-0
-0
-0
-0.125
-0.0380523011670369504
-0.00962658804530504633
-0
-0
-0
-0
-0
-0
-0
-0
-0
-0
-0.125
-0
-0
-0
-0
-0
-0
-0
-0
-0
-0.0090356200238410414
-0.0469638094877284848
-0.022053826339503476
-0
-0
-0
-0
-0
-0.0849481405790784294
-0.0161029751497778206
-0
-0
-0
-0
-0.0802664841086408315
-0.0118213718568872354
-0
-0.0552569557812626691
-0
-0
-0.040443035222607622
-0.0134268174120424633
-0
-0
-0
-0
-0.0333991534111350158
-0
-0
-0
-0.0413684269339731764
-0.0879524074233681286
-0
-0
-0
-0
-0
-0
-0
-0.0810469776188937618
-0
-0
-0
-0
-0
-0
-0
-0
-0.0379164983188485794
-0
-0
-0
-0
-0
-0
-0
-0
-0
-0.0435616794146412162
-0.00276265658138629203
-0
-0.0139983812678165509
-0.0619710570459733739
-0.0686277180215089933
-0
-0.011671567877695568
-0
-0
-0.028116089693710225
-0
-0
-0
-0
-0
-0.0483175179234743638
-0
-0
-0
-0.0657382855029007562
-0
-0.125
-0.0336325692148163324
-0
-0
-0.125
-0.0422678610689686263
-0
-0.0651437388839105347
-0
-0
-0.034257649884045456
-0.0769652891258056637
-0.0688348499697791494
-0.0236135080279790965
-0.0414461827096330171
-0
-0.125
-0.0312536783850249078
-0.0280829141965753329
-0
-0
-0
-0
-0
-0.125
-0
-0
-0.0912354102073813372
-0.0746808837267343983
-0.0489431732751416659
-0
-0.0415380131279226988
-0.00452840186022959723
-0.0122782278876179263
-0
-0
-0.0627596845592635622
-0.0132454403576828181
-0
-0.00911195715247708343
-0
-0.125
-0.125
-0
-0
-0.00567638060287432161
-0.055102608322782437
-0
-0.0919182839475420066
-0.125
-0
-0
-0.0387523821980350486
-0.0880243396931259803
-0
-0.085408983180740472
-0.0919391688112716765
-0.019735564133693359
-0.0227157556439589563
-0.0409831986339859247
-0
-0.0856452340665207756
-0
-0.0108335730621854365
-0.0818666101296336435
-0
-0
-0.0298124463765151587
-0
-0
-0
-0
-0
-0
-0
-0.123959489364181927
-0
-0.0195185665023788028
-0.00374721583554145843
-0
-0
-0
-0.0179806829929487731
-0.0336435627557181288
-0
-0
-0.125
-0.00148268512092125833
-0.00869654269049288664
-0
-0.0360881552491674681
-0.125
-0
-0.125
-0
-0
-0.104548469246774189
-0.00795930857868351604
-0
-0.0672204081840345746
-0
-0
-0.0813347111844516246
-0.0953348522297750439
-0
-0.125
-0
-0.0683662797229188102
-0
-0
-0
-0
-0
-0.00967602794710017977
-0
-0
-0
-0
-0.0159233681541982586
-0.064421448594476724
-0
-0
-0
-0
-0
-0
-0
-0
-0.0430120370916051847
-0
-0
-0
-0.0517324890837780674
-0
-0
-0.0454040349397422313
-0.0435588977106404554
-0
-0
-0.00183222097495778363
-0
-0
-0.0663517594374939956
-0.0950608898004801223
-0.0811772575551995834
-0
-0.125
-0.113180808359362395
-0
-0
-0
-0
-0
-0
-0
-0
-0
-0.00140584789495636769
-0
-0
-0
-0
-0.0314164834246715499
-0
-0
-0
-0.0911469732716381209
-0
-0
-0
-0
-0
-0
-0
-0
-0.0877897914266923263
-0.0635252173090357919
-0
-0.125
-0.109375480500457783
-0.0360155367964264603
-0
-0.087744519423162512
-0.0655563051023135834
-0.125
-0.0992014039193568065
-0
-0
-0.125
-0
-0
-0.0972959003407825873
-0.0196184876220727375
-0
-0
-0.0691765610544232828
-0.0255680342788452315
-0
-0.11176598356085761
-0
-0
-0
-0
-0
-0
-0
-0.125
-0
-0.125
-0
-0.0366808546050946122
-0.0491759138172213964
-0
-0.0288616306424529234
-0
-0
-0
-0
-0
-0
-0
-0
-0
-0.065629380997990705
-0.042169092508442238
-0
-0.00256587907113806427
-0.0709418760531211334
-0
-0
-0
-0
-0.00988408648030658643
-0
-0
-0
-0
-0.0149646312061605252
-0
-0.0849864799199285814
-0
-0
-0
-0
-0
-0
-0.0716475349976850306
-0
-0
-0.0752772849776277009
-0
-0
-0
-0
-0
-0
-0.0756494655216764234
-0.052916277125116068
-0
-0
-0.0330817538057125576
-0
-0
-0
-0
-0.030387886905739056
-0
-0
-0
-0.0590253609460584319
-0.0197032456714632716
-0
-0
-0.07189107453482943
-0
-0
-0.0768127887568258311
-0
-0
-0
-0.0511865025790028266
-0
-0
-0.0858339890005411776
-0
-0.0664612738078133869
-0
-0.0216655128541556191
-0
-0
-0.123158110129426901
-0
-0.0333913175708322185
-0
-0.125
-0
-0.0216837746621540428
-0.0847610268290849844
-0
-0
-0
-0
-0
-0.08996668081675957
-0
-0
-0
-0.0994782358322920807
-0
-0
-0.000686715717125856162
-0
-0
-0
-0
-0.125
-0.125
-0
-0
-0.0773904865495748523
-0.0956894242194523681
-0
-0
-0.125
-0
-0
-0
-0
-0
-0
-0
-0
-0
-0.0409193198378654741
-0.0965648187114769574
-0
-0
-0
-0
-0
-0
-0
-0
-0
-0
-0
-0
-0
-0
-0
-0
-0
-0
-0
-0.0121656696632673894
-0.0321202335903715205
-0
-0
-0.026236284396904605
-0
-0
-0.0198769013211235641
-0
-0.0849919727433702948
-0
-0
-0
-0
-0
-0.102827053180569131
-0.00982878668318284965
-0
-0.125
-0.125
-0.0735150901309882809
-0
-0.0411246653630877382
-0
-0.0480738684366675134
-0
-0
-0
-0
-0.125
-0.125
-0
-0
-0
-0
-0
-0
-0
-0.0147481736475885365
-0.125
-0
-0.0929656401590410741
-0.0585977973039047764
-0
-0
-0.0495527911027654755
-0.106798553508570288
-0
-0.125
-0.0082758850857254096
-0.00623789753696169826
-0.0692992302091917228
-0
-0
-0.102182865636602074
-0.0359776548147217948
-0
-0
-0
-0
-0
-0.0188073919782209172
-0
-0
-0
-0
-0
-0.0253397681038039918
-0.125
-0.0528167883901153323
-0
-0
-0
-0
-0
-0.0698299687008318709
-0.0655519682643857099
-0
-0.107064313831682772
-0.00758981446641487575
-0.0717244470830167291
-0.125
-0
-0.0468283953256486626
-0.0831524880583651704
-0.00263699647582912866
-0
-0
-0.125
-0.0464527538347241989
-0
-0
-0.0283365104235870288
-0
-0
-0.0615819594918205204
-0
-0
-0.0463502047556799066
-0
-0
-0
-0
-0
-0
-0.0363392955111735347
-0.00563501698202194604
-0.00575004973655266708
-0.0198435098543904842
-0
-0
-0.0663885246283146963
-0
-0.113389855086710359
-0
-0.0155613681694062086
-0
-0
-0
-0.125
-0
-0
-0
-0
-0
-0.035301226896317206
-0.0856561059868481134
-0
-0
-0.0322180632910316622
-0
-0
-0
-0
-0.0190519007633892512
-0
-0
-0.0261884043178749436
-0.036790995285766008
-0.0116434959725922882
-0
-0
-0
-0.0371511480845492584
-0
-0.125
-0.0182746760843013334
-0
-0
-0
-0.0117911354556810462
-0
-0
-0
-0.0987488929630688794
-0
-0.0962935225224231667
-0
-0
-0.0260305400605164543
-0
-0
-0
-0
-0
-0
-0.125
-0
-0
-0.0409879461745382978
-0.00681448425869590757
-0.125
-0
-0
-0.0244488928005907741
-0.100052634631595791
-0
-0
-0
-0.125
-0
-0
-0
-0
-0
-0.125
-0.0943844462702877474
-0.107336154491674191
-0.0184737969151348019
-0
-0.0745451625862299794
-0
-0.0634311652222397382
-0
-0
-0.1212384305298842
-0.0520159522656264903
-0.0369479727759279633
-0
-0.0882932143924983204
-0
-0.0367353030785654358
-0
-0
-0
-0
-0
-0
-0.0145787914290441412
-0
-0
-0.0585172664227015804
-0
-0
-0.00158114010154650078
-0.0557803669648007372
-0
-0.0430288658852824996
-0.125
-0.0187919347624868754
-0
-0.0879090738686645057
-0
-0
-0.125
-0
-0
-0.0872435339439087548
-0.0688151486696379072
-0
-0
-0.00713690560511297256
-0
-0.00234436907367796543
-0
-0
-0
-0
-0
-0
-0.0431459986499692569
-0
-0
-0
-0
-0.0143078026350823007
-0
-0
-0
-0
-0
-0
-0.0191360535458289516
-0.107131813368385884
-0.011822134968902798
-0
-0.125
-0
-0
-0
-0.113691512165832898
-0.0375825718178058044
-0
-0.125
-0.000843434255078719108
-0.0678965442188334545
-0.102437908271070716
-0.125
-0
-0
-0
-0.0479101346954202423
-0
-0.0676928827362374835
-0
-0.0239586426833270499
-0
-0
-0
-0.0416404431246654091
-0
-0
-0
-0.125
-0.118902999342329799
-0.125
-0
-0
-0
-0
-0
-0.125
-0
-0.00298201110395523647
-0
-0
-0
-0
-0.125
-0
-0.118146113757595775
-0.00330245948809662106
-0
-0
-0
-0.0411971953193101606
-0
-0
-0
-0
-0
-0
-0
-0.125
-0.0859858038090048765
-0
-0.0873472313742190282
-0.10502363330738404
-0.125
-0
-0
-0
-0
-0.0354695704375148774
-0
-0
-0.0140135974899133764
-0.087424377621855856
-0
-0
-0.121967706642733806
-0
-0.0785392870609815802
-0
-0
-0
-0.0414465601653558197
-0.0866926582541783647
-0
-0.0457941319333916436
-0.0717245771313482078
-0
-0
-0.0254649241761392142
-0
-0
-0.0851947506741627947
-0
-0
-0.0987810283947856971
-0.0286067499896591887
-0
-0.00985765857044618166
-0.0305904223777443106
-0
-0
-0.125
-0
-0
-0
-0.0697012134257576355
-0
-0.00358090193416658181
-0
-0
-0
-0
-0
-0
-0
-0
-0
-0
-0
-0
-0
-0
-0
-0.0575822342489763495
-0.109540550801454695
-0.00166008039377441713
-0
-0
-0
-0
-0.0798918749000158135
-0
-0
-0.0333130081872585609
-0.0332062442029190247
-0
-0
-0
-0
-0
-0.0812980825118011785
-0
-0.0505547402072707291
-0
-0.0734809669278344013
-0.0177640791526479484
-0
-0
-0.0987433305744131601
-0
-0
-0
-0.00839644649370114605
-0
-0.0177327748589480583
-0
-0.125
-0.0983737109440033786
-0
-0.0149771477759703033
-0.00240087260330448804
-0
-0
-0
-0
-0
-0
-0.125
-0
-0
-0.0251585367149997768
-0.0711808724440183421
-0
-0
-0.117436730659986943
-0.0672099857649757909
-0
-0
-0
-0
-0
-0
-0
-0.062016872328878099
-0.0399543569726596229
-0
-0
-0
-0.0468248396493758795
-0
-0
-0
-0
-0
-0.119953651510092713
-0.00563903500901467066
-0
-0.000350483535104084698
-0.125
-0
-0.0181127854343717323
-0
-0.021610948709440303
-0
-0
-0.018518216049420836
-0
-0.0157004793169505663
-0.0108122540107586252
-0
-0.0486007089182351124
-0.0352154697150637158
-0
-0.0852253428748352831
-0
-0
-0
-0.0770463040286726991
-0
-0
-0
-0
-0
-0.0337153733623854132
-0
-0
-0
-0
-0.0476381866320009367
-0.0253401425933280078
-0.0738309517487370365
-0
-0
-0.00599177023827869581
-0
-0
-0
-0.125
-0
-0.014926728683234497
-0.0106142204226167217
-0
-0
-0.021907244514574948
-0.073633711391514825
-0
-0
-0.000522499422224767572
-0
-0
-0.0405681797529145599
-0
-0
-0
-0
-0
-0
-0
-0.0393332472800163729
-0
-0
-0
-0.00733425283859423516
-0.0471677880263894206
-0
-0.0414967428674111044
-0
-0
-0.0116257276012085783
-0.111158974888065976
-0
-0
-0.0148437257282142271
-0
-0
-0
-0.060705338796659028
-0.00381356767747165204
-0.0114007751415830041
-0
-0
-0.0795323103440096768
-0
-0.125
-0
-0
-0
-0.0482639471331454406
-0
-0
-0.0492621976974787767
-0
-0
-0.0886680531855713328
-0.100852722237350784
-0.0383925420912497525
-0.0345521487057672827
-0
-0
-0
-0
-0.055597429865904123
-0.0835920465199367774
-0.0969146869950232859
-0.0910334650103202941
-0
-0
-0.00603008277353052347
-0
-0.0795338379690807007
-0
-0
-0
-0.0312539778301397439
-0
-0
-0
-0.0319708199433065138
-0
-0
-0
-0
-0.0357661938362781734
-0
-0.0777052990518100062
-0
-0.125
-0
-0.0456941690830812847
-0
-0.0370926774033559781
-0
-0
-0
-0.125
-0.0469798173477007711
-0
-0
-0
-0
-0
-0
-0.125
-0.0505270236548790858
-0
-0
-0
-0
-0
-0
-0
-0
-0
-0
-0
-0
-0.122548603045800369
-0
-0
-0
-0
-0
-0.0277885532373090827
-0
-0.0875823948265938151
-0.0391313070452913025
-0
-0
-0
-0
-0.0896443193204514571
-0
-0.00861679866157441347
-0.00307812112051942394
-0.125
-0.123393898331350907
-0.0132987209552850663
-0.0238266709613640937
-0.0694621782099021368
-0
-0
-0
-0
-0
-0.100020956963594629
-0
-0.0284018179256089326
-0.046400619625028991
-0.0224376068360865565
-0
-0
-0.021202470794528451
-0.0165710119176178949
-0
-0
-0
-0
-0
-0.0406794099654992705
-0
-0
-0.0579248058893315765
-0.125
-0
-0
-0
-0
-0.125
-0.0472242374814936666
-0
-0
-0.023392860720602645
-0
-0.125
-0
-0
-0
-0.045194045087984594
-0
-0
-0
-0
-0.0251142497147969629
-0.0842208755752408417
-0
-0
-0.0339455823258794642
-0
-0
-0
-0.0483972071385353059
-0
-0
-0
-0
-0
-0
-0
-0
-0
-0
-0
-0
-0
-0
-0
-0
-0.0187062482687429567
-0.0515710200307505501
-0
-0
-0
-0
-0.0246096973335157045
-0
-0
-0
-0
-0
-0
-0.0796128525679280497
-0
-0.0256262117925385793
-0
-0.0851949292498278971
-0
-0
-0
-0
-0.125
-0
-0
-0.0077211056230626178
-0
-0
-0.116343770914603628
-0
-0
-0
-0
-0
-0
-0.074290098929706061
-0
-0
-0
-0.0310104086358777287
-0
-0
-0
-0.0833821557911248179
-0
-0.125
-0
-0
-0
-0.0510802186280374451
-0
-0
-0
-0
-0
-0
-0.0563621460020558088
-0
-0
-0
-0
-0
-0
-0
-0
-0
-0
-0
-0.0316770480680907823
-0
-0
-0.125
-0.074728290601111913
-0
-0
-0
-0
-0
-0.125
-0
-0
-0
-0
-0.105762812937702358
-0
-0
-0.125
-0
-0.125
-0
-0.0171324274533955108
-0
-0.125
-0
-0
-0
-0
-0
-0
-0
-0
-0
-0
-0.107220377289566016
-0
-0
-0
-0.0134377398413135681
-0.114899614580497897
-0.0818308798065510157
-0
-0
-0
-0
-0
-0
-0
-0.0718308931223635011
-0
-0
-0
-0
-0.0456399357683926823
-0
-0
-0
-0
-0
-0.096761485310410178
-0
-0.116191180998366853
-0.0184836174123318014
-0
-0
-0
-0
-0
-0
-0
-0
-0
-0
-0
-0
-0
-0
-0.0615280780826917978
-0
-0.12228221718519458
-0
-0
-0
-0
-0.0845900226357024776
-0
-0.125
-0
-0
-0
-0
-0
-0.0485886257062442747
-0.125
-0
-0
-0
-0
-0
-0
-0
-0
-0
-0.0885897149748769153
-0
-0.0898808996804160154
-0
-0
-0
-0
-0
-0
-0
-0
-0.125
-0.125
-0
-0.016833745424937336
-0
-0
-0
-0
-0
-0
-0
-0
-0
-0
-0
-0
-0
-0.125
-0
-0
-0.0907113163644145404
-2.88859513858097383e-05
-0
-0
-0.0606444164947351969
-0
-0
-0
-0.110529713725007472
-0
-0.0198582342060118142
-0.0359978620182102443
-0
-0.0301563504466316329
-0
-0.0932944501432090983
-0
-0
-0.0778858657475386962
-0
-0.00589890295295783951
-0
-0
-0.11850226312905357
-0.0342805453152273884
-0
-0
-0
-0
-0
-0
-0
-0.125
-0
-0
-0
-0
-0
-0
-0
-0
-0.0713420428358576553
-0
-0
-0.0023193664300860152
-0
-0.125
-0.11614381637542226
-0
-0
-0.0842961989093280462
-0
-0
-0
-0
-0
-0.0305524851145991261
-0
-0.125
-0
-0
-0.0104820641169533629
-0
-0
-0
-0.0229340069099142306
-0.0772577590807183717
-0
-0
-0
-0.00556764622450833802
-0
-0
-0
-0
-0
-0
-0
-0
-0
-0
-0
-0
-0
-0
-0
-0.0499423186183418077
-0
-0
-0
-0.0816419717580060822
-0
-0.125
-0
-0
-0
-0
-0
-0
-0.0734316617642054026
-0
-0
-0
-0
-0.0851856452616916865
-0
-0.0432527400136644008
-0
-0.0951620022399034815
-0.125
-0
-0
-0.0839367549498123006
-0.0700185882492907474
-0
-0.0770500815933769512
-0.0210546189525363803
-0
-0.0519206476174229326
-0
-0.0939915967703372351
-0
-0
-0
-0.0346776182232708396
-0
-0
-0
-0
-0.0168299635310646956
-0.0259876594952265227
-0
-0
-0
-0
-0
-0.117886272222109734
-0
-0.0484625847693139697
-0.0793683228527220369
-0
-0
-0
-0.125
-0.0877131835215431144
-0
-0
-0
-0.0759533322560252966
-0.122598703370338402
-0
-0.02955460310216107
-0.110113324494150802
-0
-0
-0
-0
-0
-0
-0.00145977838440289331
-0.0763978325962517274
-0
-0
-0
-0
-0.100684388587987797
-0
-0
-0
-0.0684550405333406442
-0
-0
-0
-0
-0
-0
-0
-0.125
-0.00953744464462159824
-0
-0.102956308739482458
-0
-0
-0
-0.125
-0
-0.125
-0
-0
-0.0715483160045335548
-0
-0.0685880016690085248
-0
-0.123276716148452661
-0.125
-0
-0
-0
-0
-0.0398923337881335466
-0
-0
-0
-0
