10.47958752
7.460586365
5.05587964
11.32121332
15.27133767
7.107231239
5.501745999
29.99846631
9.695604204
5.608145869
7.980841714
11.7378749
13.61406229
7.963959
11.0561807
6.107359981
13.57032057
4.442834076
9.529486978
10.69448491
7.118849739
16.83340465
7.095822938
6.667204126
17.46496847
5.187621781
10.36787752
9.48581541
8.094450066
7.73460028
3.331981889
14.97947932
6.265120375
11.71106704
7.008773735
4.48830596
13.34642067
8.458685417
6.871180769
6.529633568
5.776991194
13.33952367
8.584465128
8.746138093
10.00236429
7.337738611
10.11162553
10.15358273
5.6588627
11.90614132
10.93384697
11.28494719
10.39158564
10.07480301
11.8673339
12.73953435
23.36612054
7.808824759
15.09736801
1.993177603
6.001703733
8.820800696
10.17818012
4.090907872
11.20923294
10.6788885
16.6028016
7.816206608
10.02465922
7.632750853
8.342409389
8.1550036
24.38334654
7.59413133
3.66328149
7.985264374
10.72996237
5.13271284
25.01441192
5.70395448
8.697777705
11.16546682
10.88771716
8.060951425
14.55713545
12.78176663
6.264409923
10.3293819
5.869287369
10.20259817
14.80432655
7.935858642
8.120299666
7.56943696
6.936670025
33.48729585
4.942631398
13.77682628
9.590338337
9.834238441
12.0855177
5.820577395
8.843629956
8.778456422
17.52556639
9.356166854
7.833702484
9.464053674
7.087599103
6.405624287
7.892940283
17.53700759
10.72570554
11.57046778
9.861221668
6.588193901
7.517107224