1.144598
3.15206
9.077814
9.308895
3.410364
27.107274
5.316319
22.055291
29.866861
1.780927
1.206823
7.79807
5.511193
0.617005
19.079468
1.475631
5.04262
4.615025
7.057538
10.874723
3.806084
1.946634
6.427347
11.032287
5.186565
4.423166
13.85389
5.094819
4.455985
14.608818
16.578436
4.691237
11.114557
4.601504
5.455563
7.535451
10.156711
7.065792
14.270854
5.069016
0.919505
2.236958
13.47911
55.757622
4.951799
8.193985
4.036444
8.147726
1.6298
5.879959
0.468074
7.354939
5.510727
17.024294
5.752256
2.284899
5.82566
2.800551
4.187374
9.989637
5.494456