1.999674174
5.949811673
2.828917111
13.31687122
14.92905964
3.139383435
1.856336973
22.39322252
10.69336757
1.834452985
3.058425703
3.387217507
26.94983087
4.657103576
5.724398478
1.287426408
8.908006625
4.47323103
4.975594268
5.743412406
17.3669346
15.99735857
7.390783776
12.98784463
5.608998636
3.725063245
10.55505662
6.703581745
14.60193382
4.658238394
3.147420403
4.936927265
9.154935782
4.013459968
8.613049306
3.70585481
7.937095104
9.944430336
4.938943805
18.1078135
4.756499691
7.211982916
4.337783163
11.66578288
32.75376814
4.128527289
13.67510482
23.93749935
9.837726315
9.511913953
7.952513207
2.057340519
4.878307856
6.353357707
8.570926137
2.880045463
9.109084252
6.638528376
18.07409743
42.97430072
17.86826404
4.924221827
6.524786427
10.35626359
1.031845571
5.682336915
11.50032591
1.742517079
1.006087836
3.789387434
2.795325305
15.54449352
2.266982817
34.58677286
8.313345553
7.549500266
6.070707776
11.34083939
2.316002615
4.840795287
7.434322424
17.24300666
2.706154006
3.479028436
0.9426813053
5.687414
19.70972403
1.151024982
14.94641266
2.580431973
4.701852741
2.809685614
2.216508661
4.184598624
9.303339064
42.79450976
3.617434804
5.058762938
1.170896518
4.728250325
11.07900201
11.9829313
11.09261869
82.6228946
23.76255835
8.417321795
7.570277215