2.502843625
7.115127983
15.21891048
17.75664381
4.307501532
2.29858503
25.84802669
10.55557623
2.905040563
4.744450112
7.643966331
10.16034217
8.078269511
7.033911022
19.43484898
2.046883286
15.11413097
20.81472339
7.750566063
5.530080131
8.001914752
12.85034649
4.707804198
8.73579132
5.618445284
3.200000324
10.1653807
6.721342506
12.43235524
4.497981134
3.359824895
4.836108065
8.745060085
3.92527852
8.82292171
3.02203846
8.696969321
10.10921621
4.901759191
7.868943933
4.260714959
7.209694526
4.317408423
7.658030949
14.55438109
30.16640374
6.144374385
4.113172057
24.12268764
13.75489546
15.88697484
5.555443009
11.03614062
7.390890989
1.961947532
4.468454604
1.131641897
5.908396775
5.710467631
12.0672203
8.097839127
208.0354197
49.97808228
18.12766967
10.65913498
2.891896923
11.53045603
1.698779328
4.957107532
16.18206826
5.400911873
3.159864686
4.6276865
15.48625697
2.247584085
18.94520621
21.28884535
7.525888374
6.117825297
14.02928153
2.308448947
4.810987079
11.8278356
21.49441647
18.91634677
2.724615146
0.9778634923
5.698103312
17.10147924
3.474937127
16.87423634
3.221456262
4.816742888
6.446198971
2.236795706
4.768291206
9.046533643
47.65343566
1.071589394
6.989002826
9.267510857
4.495662932
3.068468142
13.59211857
9.546788476
55.23022917
20.14907747
14.33686506
5.921099565