000_000_34.011796_-118.282736_89.453796.jpg 1920,298,1018
000_001_34.011596_-118.282731_45.6068538278.jpg 1920,551,858
000_002_34.011696_-118.282734_63.7494548463.jpg 1920,12,517
000_005_34.011770_-118.282736_82.157411.jpg 1920,523,1282
000_006_34.011572_-118.282730_42.2966748795.jpg 1920,673,1075
000_007_34.011671_-118.282733_58.3749357602.jpg 1920,165,656
000_008_34.011852_-118.282738_104.33061471.jpg 1920,1465,1900
000_009_34.011969_-118.282741_129.015927332.jpg 1920,1548,1874
000_010_34.011778_-118.282736_89.469000.jpg 1920,295,1012
000_011_34.011578_-118.282731_42.7353651566.jpg 1920,640,1005
000_012_34.011678_-118.282733_61.5004248371.jpg 1920,47,530
000_013_34.011878_-118.282738_117.488675963.jpg 1920,1589,1893
000_014_34.011978_-118.282741_136.2387933.jpg 1920,1344,1587
000_015_34.011770_-118.282736_86.973354.jpg 1920,484,864
000_016_34.011570_-118.282730_41.628946993.jpg 1920,712,970
000_017_34.011670_-118.282733_59.6571583089.jpg 1920,174,353
000_018_34.011870_-118.282738_115.530590246.jpg 1920,1247,1361
000_019_34.011970_-118.282741_135.05398649.jpg 1920,1421,1522
001_000_34.013279_-118.336405_-68.426252.jpg 1920,699,828
001_001_34.013433_-118.336303_249.594023538.jpg 1920,688,767
001_002_34.013363_-118.336349_263.95551506.jpg 1920,722,892
001_003_34.013191_-118.336463_-35.5438331099.jpg 1920,1171,1294
001_004_34.013114_-118.336467_-24.3635458234.jpg 1920,1233,1326
001_005_34.013394_-118.336328_256.685681.jpg 1920,973,1083
001_006_34.013528_-118.336240_238.151411487.jpg 1920,715,759
001_007_34.013461_-118.336284_245.467535506.jpg 1920,686,752
001_008_34.013242_-118.336314_-66.6783385003.jpg 1920,664,745
001_009_34.013238_-118.336275_-68.3488102203.jpg 1920,701,792
001_010_34.013279_-118.336405_-68.727926.jpg 1920,738,821
001_011_34.013433_-118.336303_247.643495254.jpg 1920,762,824
001_012_34.013363_-118.336349_262.152999338.jpg 1920,837,923
001_013_34.013191_-118.336463_-33.638199438.jpg 1920,1105,1226
001_014_34.013113_-118.336466_-22.6546033226.jpg 1920,1171,1270
001_015_34.013394_-118.336328_254.726883.jpg 1920,1024,1174
001_016_34.013524_-118.336242_236.788104701.jpg 1920,757,806
001_017_34.013459_-118.336285_243.807674752.jpg 1920,730,790
001_018_34.013242_-118.336311_-66.9336065882.jpg 1920,666,757
001_019_34.013237_-118.336269_-68.7616502447.jpg 1920,734,805
002_001_34.048019_-118.239765_168.65376118.jpg 1920,390,565
002_002_34.047962_-118.239681_188.153710169.jpg 1920,738,919
002_004_34.047791_-118.239429_-88.2394524914.jpg 1920,1367,1446
002_006_34.048014_-118.239756_170.125109226.jpg 1920,370,500
002_007_34.047956_-118.239672_190.932580552.jpg 1920,712,801
002_008_34.047842_-118.239504_255.276562911.jpg 1920,1871,1906
002_009_34.047784_-118.239420_-86.741429057.jpg 1920,1331,1378
002_015_34.047899_-118.239588_263.461786.jpg 1920,722,841
002_018_34.047854_-118.239522_-88.5677083.jpg 1920,472,606
002_019_34.047809_-118.239457_-82.683004389.jpg 1920,1195,1239
003_005_34.062116_-118.339336_5.175283.jpg 1920,1337,1437
003_006_34.062115_-118.339137_-11.2890850436.jpg 1920,956,1023
003_007_34.062115_-118.339236_-3.14648591383.jpg 1920,1154,1236
003_010_34.062115_-118.339168_1.180077.jpg 1920,560,616
003_011_34.062114_-118.338968_-31.9888397181.jpg 1920,993,1044
003_012_34.062114_-118.339068_-16.9411971889.jpg 1920,899,994
003_013_34.062115_-118.339268_19.1967440241.jpg 1920,442,531
003_014_34.062116_-118.339374_35.0599099178.jpg 1920,398,464
003_015_34.062116_-118.339336_29.869114.jpg 1920,547,627
003_016_34.062115_-118.339162_-0.0535815106098.jpg 1920,585,674
003_017_34.062115_-118.339249_15.9126927547.jpg 1920,546,637
004_001_34.041795_-118.309008_70.9398897435.jpg 1920,715,809
004_002_34.041895_-118.309008_80.3964563643.jpg 1920,858,927
004_003_34.042078_-118.309010_98.7702755001.jpg 1920,1195,1260
004_004_34.042195_-118.309010_109.915932992.jpg 1920,1436,1473
004_005_34.042151_-118.309010_105.876228.jpg 1920,1145,1221
004_007_34.042055_-118.309010_96.4767935646.jpg 1920,1250,1325
004_008_34.042247_-118.309010_114.472114663.jpg 1920,1283,1351
004_011_34.041795_-118.309008_67.5561832591.jpg 1920,846,949
004_012_34.041895_-118.309008_78.4939041573.jpg 1920,966,1040
004_013_34.042078_-118.309010_100.262995361.jpg 1920,1175,1227
004_014_34.042195_-118.309010_113.201489285.jpg 1920,1319,1360
004_015_34.042151_-118.309010_108.567532.jpg 1920,1067,1125
004_017_34.042056_-118.309010_97.7309361971.jpg 1920,1219,1283
004_018_34.042246_-118.309010_118.203646601.jpg 1920,1167,1216
005_001_34.047222_-118.340339_124.174733151.jpg 1920,1019,1099
005_002_34.047238_-118.340240_142.745110819.jpg 1920,1580,1705
005_003_34.047268_-118.340042_197.522652988.jpg 1920,1117,1116
005_004_34.047283_-118.339943_216.243670789.jpg 1920,1358,1404
005_011_34.047220_-118.340355_121.521799657.jpg 1920,1054,1270
005_012_34.047235_-118.340256_140.585809965.jpg 1920,1603,1837
006_000_34.047364_-118.260284_217.416438.jpg 1920,71,281
006_001_34.047470_-118.260456_164.685357862.jpg 1920,709,874
006_002_34.047417_-118.260370_184.198340675.jpg 1920,68,242
006_003_34.047311_-118.260198_250.63929855.jpg 1920,547,816
006_004_34.047245_-118.260129_-86.5247661577.jpg 1920,573,698
006_005_34.047137_-118.260231_-46.100425.jpg 1920,1405,1536
006_006_34.047282_-118.260093_264.342351749.jpg 1920,837,1102
006_007_34.047209_-118.260162_-75.276272225.jpg 1920,790,956
006_008_34.047064_-118.260299_-19.2028544472.jpg 1920,1598,1732
006_010_34.047379_-118.260308_217.423626.jpg 1920,155,248
006_011_34.047485_-118.260480_147.432822119.jpg 1920,853,911
006_012_34.047432_-118.260394_163.625929388.jpg 1920,692,909
006_013_34.047326_-118.260222_-89.2943137216.jpg 1920,165,214
006_014_34.047245_-118.260129_-65.8709407176.jpg 1920,36,91
006_015_34.047137_-118.260231_-27.980715.jpg 1920,934,1093
006_016_34.047224_-118.260060_-66.8096605064.jpg 1920,463,622
006_017_34.047201_-118.260170_-50.3555895955.jpg 1920,78,288
006_018_34.047072_-118.260291_-11.0859052966.jpg 1920,1355,1514
006_019_34.047007_-118.260352_0.271605495645.jpg 1920,998,1120
007_006_34.061912_-118.313175_-58.7704998775.jpg 1920,1135,1329
007_010_34.061694_-118.313184_0.806757.jpg 1920,440,575
008_005_34.025769_-118.277535_-49.839053.jpg 1920,1254,1310
008_006_34.025932_-118.277431_-69.8871719705.jpg 1920,706,872
008_007_34.025850_-118.277481_-59.8309555971.jpg 1920,859,977
008_008_34.025689_-118.277592_-40.3263602181.jpg 1920,1357,1393
008_009_34.025599_-118.277656_-30.7326925814.jpg 1920,1201,1264
008_015_34.025769_-118.277535_-45.527035.jpg 1920,1090,1242
008_016_34.025928_-118.277433_-67.3035588588.jpg 1920,641,718
008_017_34.025848_-118.277483_-56.2626230195.jpg 1920,738,869
008_018_34.025691_-118.277591_-35.553012876.jpg 1920,1159,1244
008_019_34.025660_-118.277653_-28.8460904297.jpg 1920,951,1082
009_000_34.049114_-118.255849_218.244257.jpg 1920,1219,1380
009_001_34.049223_-118.256020_169.398765696.jpg 1920,782,907
009_002_34.049168_-118.255934_188.523367272.jpg 1920,239,349
009_003_34.049060_-118.255763_247.688305037.jpg 1920,1476,1531
009_004_34.049006_-118.255678_266.696125373.jpg 1920,1431,1502
009_005_34.049235_-118.256040_166.267665.jpg 1920,859,1044
009_006_34.049295_-118.256135_155.804471308.jpg 1920,820,882
009_007_34.049265_-118.256087_160.318643273.jpg 1920,591,715
009_008_34.049205_-118.255992_174.460346364.jpg 1920,664,785
009_009_34.049175_-118.255945_185.588874702.jpg 1920,244,366
009_010_34.049124_-118.255865_218.215890.jpg 1920,1193,1256
009_011_34.049233_-118.256036_172.70153223.jpg 1920,612,828
009_012_34.049178_-118.255950_191.272729077.jpg 1920,211,330
009_013_34.049070_-118.255779_245.026574327.jpg 1920,1627,1731
009_014_34.049016_-118.255694_263.455588366.jpg 1920,1565,1648
009_015_34.049235_-118.256040_172.006248.jpg 1920,631,832
009_017_34.049270_-118.256094_164.423613461.jpg 1920,535,589
009_018_34.049201_-118.255985_182.573373327.jpg 1920,471,633
010_000_34.051344_-118.280070_-60.178250.jpg 1920,1170,1407
010_001_34.051511_-118.279957_258.635962843.jpg 1920,1251,1370
010_002_34.051427_-118.280013_-83.8599829441.jpg 1920,1445,1579
010_005_34.051344_-118.280070_-60.155348.jpg 1920,1169,1377
010_006_34.051511_-118.279957_258.635962843.jpg 1920,827,979
010_007_34.051427_-118.280013_-83.8580973696.jpg 1920,1458,1662
010_008_34.051254_-118.280130_-34.8008802116.jpg 1920,1546,1728
010_009_34.051175_-118.280181_-19.0346224033.jpg 1920,1311,1401
010_010_34.051786_-118.280006_209.899786.jpg 1920,1013,1132
010_011_34.051870_-118.280190_165.253096963.jpg 1920,1640,1724
010_012_34.051828_-118.280098_183.664721401.jpg 1920,1430,1522
010_013_34.051744_-118.279914_236.038968678.jpg 1920,817,906
010_014_34.051703_-118.279827_253.648851121.jpg 1920,932,1031
010_018_34.051301_-118.280099_-0.928703290978.jpg 1920,492,728
012_000_34.053530_-118.250871_-51.846906.jpg 1920,386,487
012_001_34.053678_-118.250733_-84.825013899.jpg 1920,794,806
012_002_34.053604_-118.250802_-69.856895555.jpg 1920,243,462
012_003_34.053456_-118.250940_-33.8836701289.jpg 1920,718,901
012_004_34.053382_-118.251008_-18.795215288.jpg 1920,762,894
012_005_34.053257_-118.251124_-1.661728.jpg 1920,1183,1297
012_006_34.053250_-118.250905_-23.0999401778.jpg 1920,1070,1218
012_010_34.053553_-118.250849_-51.865975.jpg 1920,396,597
012_011_34.053701_-118.250711_232.956344079.jpg 1920,1422,1489
012_012_34.053627_-118.250780_245.827361645.jpg 1920,1316,1462
012_016_34.053172_-118.250980_10.4949611824.jpg 1920,345,415
012_018_34.053255_-118.251126_31.057650788.jpg 1920,185,253
012_019_34.053253_-118.251128_31.1074670861.jpg 1920,169,270
013_005_34.056891_-118.208038_223.618881.jpg 1920,491,649
013_006_34.056969_-118.208220_203.989020348.jpg 1920,528,658
013_007_34.056930_-118.208129_213.950805843.jpg 1920,829,979
013_013_34.056759_-118.208533_140.290068231.jpg 1920,780,944
013_014_34.056838_-118.208483_155.653543567.jpg 1920,727,933
013_015_34.056891_-118.208038_216.080197.jpg 1920,735,944
013_016_34.056970_-118.208224_192.02882446.jpg 1920,900,1050
013_017_34.056930_-118.208131_203.832463105.jpg 1920,1136,1282
014_005_34.039996_-118.292887_5.076010.jpg 1920,1412,1571
014_006_34.039996_-118.292688_-16.6799846973.jpg 1920,709,868
014_007_34.039996_-118.292787_-6.03778404644.jpg 1920,1015,1356
014_008_34.039996_-118.292987_15.8957208549.jpg 1920,1045,1224
014_009_34.039996_-118.293086_25.7108854199.jpg 1920,1296,1417
014_010_34.039996_-118.292827_0.723775.jpg 1920,883,1010
014_011_34.039996_-118.292627_-36.2822430881.jpg 1920,950,1148
014_012_34.039996_-118.292727_-19.8828912838.jpg 1920,1129,1327
014_013_34.039996_-118.292927_21.3219198922.jpg 1920,885,1030
014_014_34.039996_-118.293027_37.6551206895.jpg 1920,943,1060
014_015_34.039996_-118.292887_13.411092.jpg 1920,1108,1282
014_016_34.039996_-118.292693_-26.0727014403.jpg 1920,999,1136
014_017_34.039996_-118.292790_-7.25638116413.jpg 1920,1146,1287
014_018_34.039996_-118.292984_31.3150938412.jpg 1920,640,682
014_019_34.039996_-118.293081_44.4503795398.jpg 1920,700,765
015_001_34.039743_-118.253765_80.32825986.jpg 1920,552,739
015_002_34.039802_-118.253682_99.4381155908.jpg 1920,558,713
015_003_34.039920_-118.253518_179.914828907.jpg 1920,1359,1588
015_004_34.039980_-118.253436_199.218534855.jpg 1920,1266,1396
015_006_34.039732_-118.253780_78.1781344763.jpg 1920,624,771
015_007_34.039792_-118.253697_94.7169748909.jpg 1920,698,816
015_008_34.039910_-118.253533_174.633124115.jpg 1920,1536,1716
015_009_34.039970_-118.253450_196.967205159.jpg 1920,1278,1464
016_000_34.061764_-118.294939_1.165960.jpg 1920,461,595
016_002_34.061763_-118.294839_-18.1322258904.jpg 1920,342,391
016_004_34.061765_-118.295139_36.0984852875.jpg 1920,410,633
017_003_34.053672_-118.275706_141.041260303.jpg 1920,921,1013
017_004_34.053757_-118.275650_157.932504131.jpg 1920,473,496
017_005_34.053722_-118.275259_220.384440.jpg 1920,637,797
017_006_34.053806_-118.275442_189.964664935.jpg 1920,658,760
017_007_34.053764_-118.275351_204.844015457.jpg 1920,628,795
017_009_34.053581_-118.275081_253.833543011.jpg 1920,916,963
017_010_34.053396_-118.275201_-61.011501.jpg 1920,490,608
017_011_34.053565_-118.275091_258.38169067.jpg 1920,781,836
017_012_34.053480_-118.275146_-84.2149802007.jpg 1920,559,743
017_015_34.053722_-118.275259_214.684377.jpg 1920,854,1008
017_016_34.053806_-118.275443_179.742717306.jpg 1920,1000,1108
017_017_34.053764_-118.275351_195.972791553.jpg 1920,984,1135
017_019_34.053638_-118.275075_246.490680398.jpg 1920,817,896
018_000_33.988121_-118.291166_196.426225.jpg 1920,1437,1530
018_001_33.988186_-118.291225_179.531554639.jpg 1920,1087,1236
018_002_33.988160_-118.291217_181.156215657.jpg 1920,1391,1476
018_003_33.988117_-118.291069_219.68659449.jpg 1920,1483,1547
018_004_33.988114_-118.290992_231.896858309.jpg 1920,1377,1466
018_006_33.987751_-118.291488_47.5237228361.jpg 1920,887,1025
018_007_33.987851_-118.291489_64.4662175316.jpg 1920,1146,1268
018_008_33.988051_-118.291491_112.145258538.jpg 1920,708,853
018_009_33.988151_-118.291492_130.42692574.jpg 1920,955,1116
018_013_33.988114_-118.290992_251.880402697.jpg 1920,700,887
018_014_33.988109_-118.290878_263.906474067.jpg 1920,713,821
018_016_33.987782_-118.291418_43.2461894134.jpg 1920,595,759
018_017_33.987857_-118.291489_56.5196273949.jpg 1920,1367,1490
019_002_34.053655_-118.266300_189.682982534.jpg 1920,1427,1579
019_004_34.053529_-118.266024_245.471624807.jpg 1920,1454,1552
019_006_34.053471_-118.265898_260.265478286.jpg 1920,1291,1388
020_000_33.974667_-118.282278_180.292350.jpg 1920,824,1186
020_001_33.974666_-118.282478_143.774432708.jpg 1920,199,325
020_002_33.974666_-118.282378_159.975242761.jpg 1920,256,477
020_003_33.974668_-118.282178_200.612273009.jpg 1920,1079,1210
020_004_33.974668_-118.282078_216.81853903.jpg 1920,955,1096
020_005_33.974666_-118.282373_160.873470.jpg 1920,326,534
020_006_33.974665_-118.282563_133.798610427.jpg 1920,510,698
020_007_33.974666_-118.282468_145.189693286.jpg 1920,197,297
020_008_33.974667_-118.282278_180.249921547.jpg 1920,784,936
020_009_33.974668_-118.282183_199.603406146.jpg 1920,1063,1159
020_015_33.974666_-118.282373_137.507612.jpg 1920,896,1106
020_016_33.974532_-118.282674_104.090435113.jpg 1920,835,873
020_017_33.974666_-118.282447_130.775357696.jpg 1920,1124,1295
021_000_34.043016_-118.250738_138.967705.jpg 1920,1245,1466
021_001_34.042892_-118.250907_98.7719127721.jpg 1920,1026,1133
021_002_34.042956_-118.250819_116.718704731.jpg 1920,1018,1220
021_003_34.043076_-118.250656_161.243204962.jpg 1920,1425,1579
021_004_34.043136_-118.250575_178.391114066.jpg 1920,1436,1579
021_006_34.042862_-118.250947_92.7159023336.jpg 1920,481,588
021_007_34.042922_-118.250865_106.399452563.jpg 1920,1345,1449
022_006_34.027960_-118.219445_251.993378233.jpg 1920,1032,1097
022_017_34.027917_-118.219480_261.803205144.jpg 1920,973,1050
023_000_33.974731_-118.265671_0.678876.jpg 1920,1262,1404
023_002_33.974731_-118.265571_-13.2624738207.jpg 1920,1150,1290
023_003_33.974731_-118.265771_14.6812323303.jpg 1920,1052,1251
023_005_33.974731_-118.265561_-14.556941.jpg 1920,1220,1363
023_006_33.974731_-118.265367_-36.3550556698.jpg 1920,659,887
023_007_33.974731_-118.265464_-26.5163953326.jpg 1920,846,1022
023_008_33.974731_-118.265658_-1.17283975343.jpg 1920,772,912
023_009_33.974680_-118.265722_7.04438755059.jpg 1920,1197,1279
023_010_33.974731_-118.265655_0.665121.jpg 1920,727,849
023_013_33.974731_-118.265755_37.156518059.jpg 1920,398,557
023_018_33.974676_-118.265722_19.1585033501.jpg 1920,807,892
023_019_33.974620_-118.265722_14.6702330064.jpg 1920,931,1070
024_005_33.986118_-118.225206_90.189901.jpg 1920,559,753
024_006_33.985918_-118.225205_58.5263494584.jpg 1920,616,720
024_007_33.986018_-118.225205_73.0217029418.jpg 1920,618,726
024_008_33.986218_-118.225207_107.317253318.jpg 1920,580,708
024_009_33.986317_-118.225208_121.710042651.jpg 1920,954,1050
024_010_33.986117_-118.225206_90.320077.jpg 1920,553,787
024_011_33.985917_-118.225205_45.9458524628.jpg 1920,1029,1090
024_012_33.986017_-118.225205_64.2896521787.jpg 1920,854,973
024_013_33.986217_-118.225207_116.488871271.jpg 1920,297,464
024_014_33.986317_-118.225208_134.732040957.jpg 1920,521,702
024_015_33.986118_-118.225206_90.741010.jpg 1920,599,866
024_016_33.985918_-118.225205_46.1004865278.jpg 1920,1007,1082
024_017_33.986018_-118.225205_64.5159949456.jpg 1920,816,1015
024_018_33.986218_-118.225207_116.71524141.jpg 1920,275,419
024_019_33.986317_-118.225208_134.732040957.jpg 1920,555,730
025_002_34.013614_-118.256448_150.575062459.jpg 1920,1289,1456
025_005_34.013432_-118.256515_77.312837.jpg 1920,679,835
025_006_34.013237_-118.256516_32.6488710503.jpg 1920,840,915
025_007_34.013334_-118.256516_47.9315579694.jpg 1920,988,1087
025_008_34.013529_-118.256514_114.950047391.jpg 1920,1405,1480
025_009_34.013613_-118.256514_137.001359199.jpg 1920,1274,1390
026_006_33.974749_-118.248044_-2.25118495062.jpg 1920,998,1109
026_010_33.975307_-118.247682_-88.509916.jpg 1920,1191,1436
026_012_33.975407_-118.247681_252.822908537.jpg 1920,1148,1259
026_013_33.975207_-118.247684_-69.8783144704.jpg 1920,981,1126
026_014_33.975107_-118.247682_-54.8380976019.jpg 1920,1188,1328
026_016_33.974749_-118.248049_1.62391375026.jpg 1920,882,978
027_000_33.972761_-118.211325_187.614950.jpg 1920,1297,1480
027_001_33.972781_-118.211524_163.778906937.jpg 1920,845,1003
027_002_33.972771_-118.211425_175.166989965.jpg 1920,1056,1228
027_003_33.972750_-118.211225_200.132322416.jpg 1920,1259,1372
027_004_33.972739_-118.211126_211.604859053.jpg 1920,1377,1480
027_005_33.972762_-118.211336_186.190811.jpg 1920,1321,1472
027_006_33.972782_-118.211535_162.624081373.jpg 1920,857,1087
027_007_33.972772_-118.211435_173.851222082.jpg 1920,1112,1224
027_008_33.972752_-118.211236_198.785495319.jpg 1920,1258,1472
027_009_33.972741_-118.211137_210.387327684.jpg 1920,1396,1480
027_010_33.972764_-118.211352_187.605461.jpg 1920,1312,1480
027_011_33.972784_-118.211551_159.399824707.jpg 1920,963,1110
027_012_33.972774_-118.211452_172.583785791.jpg 1920,1129,1336
027_013_33.972753_-118.211253_202.582220145.jpg 1920,1147,1395
027_014_33.972742_-118.211153_215.865648896.jpg 1920,1220,1394
027_015_33.972762_-118.211336_189.977476.jpg 1920,1230,1461
027_016_33.972782_-118.211535_161.363230564.jpg 1920,888,1031
027_017_33.972772_-118.211435_174.922533144.jpg 1920,1060,1232
027_018_33.972752_-118.211236_204.886070445.jpg 1920,1085,1295
027_019_33.972740_-118.211137_217.789567857.jpg 1920,1155,1340
028_000_34.070384_-118.291187_0.534028.jpg 1920,170,425
028_001_34.070385_-118.290987_-58.2525732731.jpg 1920,648,769
028_002_34.070385_-118.291087_-38.9307406801.jpg 1920,405,733
028_004_34.070384_-118.291387_59.397018504.jpg 1920,176,366
028_005_34.070480_-118.291660_90.039309.jpg 1920,813,991
028_006_34.070280_-118.291663_63.3658834346.jpg 1920,849,1037
028_007_34.070383_-118.291662_76.2379990982.jpg 1920,653,856
028_008_34.070580_-118.291658_104.350613116.jpg 1920,836,970
028_009_34.070680_-118.291656_117.264606252.jpg 1920,777,1021
028_010_34.070384_-118.291310_0.523324.jpg 1920,1159,1303
028_011_34.070385_-118.291110_-53.9611610351.jpg 1920,878,1115
028_012_34.070384_-118.291210_-34.5556801599.jpg 1920,1230,1304
028_013_34.070384_-118.291410_35.3291391791.jpg 1920,724,1066
028_014_34.070383_-118.291510_54.8637928555.jpg 1920,639,839
028_015_34.070480_-118.291660_86.253176.jpg 1920,925,1113
028_016_34.070281_-118.291663_53.5120895674.jpg 1920,1202,1307
028_017_34.070383_-118.291662_68.3669853829.jpg 1920,954,1126
028_018_34.070580_-118.291658_105.602721898.jpg 1920,817,911
028_019_34.070679_-118.291656_122.298258113.jpg 1920,668,813
029_001_34.030792_-118.335128_221.788480114.jpg 1920,919,1123
029_002_34.030692_-118.335125_240.706353661.jpg 1920,321,547
029_003_34.030492_-118.335119_-61.763404341.jpg 1920,1243,1364
029_004_34.030392_-118.335117_-42.8951207031.jpg 1920,1091,1309
029_006_34.030761_-118.335127_226.541322029.jpg 1920,783,1006
029_008_34.030465_-118.335119_-55.7102361136.jpg 1920,1026,1347
029_009_34.030367_-118.335116_-39.5002442869.jpg 1920,993,1254
029_011_34.030907_-118.335130_217.622064893.jpg 1920,513,685
029_012_34.030823_-118.335129_232.8243205.jpg 1920,286,487
029_014_34.030507_-118.335120_-38.7872245098.jpg 1920,480,756
029_018_34.030490_-118.335119_-36.5761142639.jpg 1920,440,742
029_019_34.030417_-118.335117_-29.0487199642.jpg 1920,197,563
030_005_33.974457_-118.227627_10.216633.jpg 1920,994,1294
030_006_33.974437_-118.227428_-20.1056411806.jpg 1920,930,1143
030_007_33.974447_-118.227527_-5.91048844253.jpg 1920,947,1169
030_008_33.974467_-118.227729_26.1678505191.jpg 1920,1066,1182
030_009_33.974478_-118.227826_39.2258863577.jpg 1920,1097,1222
030_010_33.974664_-118.227731_90.333430.jpg 1920,362,509
030_011_33.974467_-118.227729_42.5974136757.jpg 1920,529,661
030_012_33.974564_-118.227730_61.1203172873.jpg 1920,656,834
030_015_33.974457_-118.227627_24.753249.jpg 1920,543,735
030_016_33.974438_-118.227436_-15.6906124109.jpg 1920,806,981
030_017_33.974448_-118.227531_4.08696532238.jpg 1920,655,811
030_018_33.974499_-118.227729_47.5889880251.jpg 1920,1137,1247
030_019_33.974477_-118.227819_54.0354195567.jpg 1920,606,743
031_001_34.023181_-118.279212_265.327564236.jpg 1920,117,246
031_002_34.023098_-118.279260_-78.599326026.jpg 1920,89,258
031_011_34.023181_-118.279212_249.484943008.jpg 1920,571,694
031_012_34.023098_-118.279260_263.007589459.jpg 1920,522,716
032_000_34.061975_-118.281639_119.782194.jpg 1920,946,1189
032_001_34.061808_-118.281752_89.3047995437.jpg 1920,792,877
032_002_34.061891_-118.281696_103.420159391.jpg 1920,966,1130
032_003_34.062059_-118.281583_136.39952355.jpg 1920,1104,1314
032_004_34.062142_-118.281526_150.545907624.jpg 1920,1095,1237
032_005_34.062253_-118.281454_164.224950.jpg 1920,1119,1193
032_006_34.062143_-118.281526_150.616960887.jpg 1920,1033,1249
032_007_34.062190_-118.281495_157.111383068.jpg 1920,838,1030
032_008_34.062307_-118.281419_169.202131412.jpg 1920,953,1082
032_013_34.062190_-118.281495_143.273943418.jpg 1920,1292,1445
032_014_34.062276_-118.281439_161.293184434.jpg 1920,1214,1284
032_015_34.062253_-118.281454_157.130277.jpg 1920,1356,1433
032_017_34.062190_-118.281495_143.273943418.jpg 1920,1315,1433
032_018_34.062315_-118.281414_167.069306112.jpg 1920,1015,1138
033_000_34.063082_-118.364839_189.090412.jpg 1920,115,428
033_001_34.063107_-118.365038_147.757931334.jpg 1920,290,442
033_003_34.063070_-118.364740_212.946740812.jpg 1920,1245,1480
033_004_34.063082_-118.364681_221.160847746.jpg 1920,1038,1393
033_005_34.063348_-118.364809_187.390479.jpg 1920,578,729
033_006_34.063372_-118.365008_167.43081268.jpg 1920,559,665
033_007_34.063359_-118.364899_177.979349271.jpg 1920,689,831
033_008_34.063336_-118.364710_197.803800999.jpg 1920,775,956
033_009_34.063324_-118.364610_207.661498467.jpg 1920,1000,1126
033_010_34.063076_-118.364792_189.080629.jpg 1920,167,495
033_011_34.063101_-118.364991_136.505878675.jpg 1920,565,754
033_012_34.063088_-118.364891_155.833892149.jpg 1920,108,397
033_013_34.063071_-118.364698_219.327519927.jpg 1920,1049,1328
033_014_34.063082_-118.364681_220.788893384.jpg 1920,1043,1313
033_015_34.063348_-118.364809_181.387843.jpg 1920,830,1057
033_016_34.063371_-118.365006_160.0233416.jpg 1920,781,927
033_017_34.063350_-118.364900_170.561063994.jpg 1920,909,1100
033_018_34.063336_-118.364711_193.329361149.jpg 1920,907,1138
033_019_34.063324_-118.364612_204.903351163.jpg 1920,1055,1253
034_005_34.084799_-118.326620_104.601887.jpg 1920,1329,1480
034_006_34.084605_-118.326622_54.8720779399.jpg 1920,933,1028
034_007_34.084702_-118.326621_77.2492322502.jpg 1920,644,798
034_008_34.084896_-118.326620_126.991998988.jpg 1920,1120,1269
034_009_34.084992_-118.326620_141.355680579.jpg 1920,669,789
034_011_34.084842_-118.326620_115.906782957.jpg 1920,957,1254
034_015_34.084799_-118.326620_102.036316.jpg 1920,1397,1654
034_016_34.084603_-118.326622_45.3971507647.jpg 1920,1245,1408
034_017_34.084701_-118.326621_68.5247699747.jpg 1920,936,1156
034_018_34.084897_-118.326620_129.692238076.jpg 1920,1073,1260
034_019_34.084995_-118.326620_145.498806945.jpg 1920,539,715
035_004_34.101669_-118.322026_46.7702932743.jpg 1920,660,827
035_009_34.101669_-118.322011_44.4969908651.jpg 1920,774,934
035_013_34.101669_-118.322083_21.3743921318.jpg 1920,1495,1635
035_014_34.101668_-118.322183_38.018362964.jpg 1920,1472,1621
036_004_34.077450_-118.264488_198.5441999.jpg 1920,637,817
036_014_34.077444_-118.264521_210.733596054.jpg 1920,242,471
037_001_34.026418_-118.198690_257.953497829.jpg 1920,1205,1349
037_008_34.026793_-118.198732_211.196038371.jpg 1920,798,898
037_009_34.026753_-118.198641_220.599228094.jpg 1920,837,925
037_011_34.026522_-118.198626_255.097991053.jpg 1920,858,954
037_012_34.026436_-118.198678_-87.1080147782.jpg 1920,720,866
037_015_34.026833_-118.198823_196.786168.jpg 1920,892,1004
037_018_34.026793_-118.198734_208.707941613.jpg 1920,873,986
037_019_34.026754_-118.198645_220.706414158.jpg 1920,826,912
038_000_34.020496_-118.355602_-89.846680.jpg 1920,750,914
038_001_34.020696_-118.355604_239.725235848.jpg 1920,833,952
038_002_34.020596_-118.355603_253.741960426.jpg 1920,806,986
038_003_34.020396_-118.355600_-73.5536742238.jpg 1920,614,823
038_004_34.020296_-118.355599_-59.488972989.jpg 1920,729,896
038_005_34.020519_-118.355602_266.141007.jpg 1920,784,1003
038_006_34.020719_-118.355604_236.990496402.jpg 1920,936,1018
038_007_34.020619_-118.355603_250.286655409.jpg 1920,906,1069
038_008_34.020419_-118.355601_-77.2094952861.jpg 1920,754,917
038_009_34.020319_-118.355599_-62.505725694.jpg 1920,827,1039
038_010_34.020504_-118.355602_-89.858202.jpg 1920,676,902
038_011_34.020704_-118.355604_237.098249419.jpg 1920,921,1099
038_012_34.020604_-118.355603_252.136916574.jpg 1920,860,994
038_013_34.020404_-118.355601_-71.7384465151.jpg 1920,584,805
038_014_34.020304_-118.355599_-56.694684971.jpg 1920,630,844
038_015_34.019964_-118.355595_-29.420452.jpg 1920,869,955
038_016_34.020061_-118.355596_-34.498421785.jpg 1920,810,957
038_017_34.020012_-118.355596_-31.7762156032.jpg 1920,937,1035
039_004_34.090923_-118.322267_-58.1649078124.jpg 1920,678,797
039_005_34.090742_-118.322606_-6.749478.jpg 1920,863,1029
039_007_34.090742_-118.322507_-18.4503902608.jpg 1920,1033,1274
039_008_34.090743_-118.322705_5.64428817514.jpg 1920,1016,1169
039_011_34.090742_-118.322524_-36.1964532301.jpg 1920,1619,1742
039_015_34.090742_-118.322606_-23.086895.jpg 1920,1386,1596
039_018_34.090743_-118.322698_-4.57131730368.jpg 1920,1334,1513
040_001_34.090044_-118.291737_42.6532545679.jpg 1920,736,990
040_003_34.090355_-118.291745_116.728071702.jpg 1920,1273,1631
040_006_34.090085_-118.291738_48.7971973079.jpg 1920,819,1059
040_008_34.090381_-118.291746_122.389592915.jpg 1920,1110,1511
040_011_34.089984_-118.291736_36.0449063175.jpg 1920,603,868
040_012_34.090083_-118.291738_53.6306081392.jpg 1920,641,903
040_013_34.090283_-118.291744_117.71088026.jpg 1920,1230,1671
040_014_34.090382_-118.291746_138.942958908.jpg 1920,579,948
040_015_34.090282_-118.291744_117.426232.jpg 1920,1263,1537
040_016_34.090107_-118.291739_59.6924278029.jpg 1920,448,719
040_018_34.090370_-118.291745_137.030544597.jpg 1920,621,973
041_001_34.073738_-118.209711_148.22371143.jpg 1920,565,812
041_002_34.073739_-118.209611_162.880264908.jpg 1920,767,1071
041_006_34.073738_-118.209712_148.096025453.jpg 1920,593,789
041_007_34.073739_-118.209612_162.718523605.jpg 1920,776,1027
041_011_34.073737_-118.209725_127.718132956.jpg 1920,1016,1153
041_012_34.073739_-118.209625_147.367621133.jpg 1920,1098,1577
041_016_34.073738_-118.209710_129.891368703.jpg 1920,1165,1394
041_017_34.073739_-118.209611_151.044306157.jpg 1920,1140,1389
042_002_33.974578_-118.299554_-14.304100312.jpg 1920,697,844
042_003_33.974578_-118.299754_12.6299123273.jpg 1920,822,1045
042_004_33.974578_-118.299854_24.9580032677.jpg 1920,451,690
042_005_33.974578_-118.299664_0.492922.jpg 1920,444,678
042_007_33.974578_-118.299564_-13.0152976494.jpg 1920,657,870
042_008_33.974578_-118.299764_13.9374489583.jpg 1920,805,1041
042_009_33.974578_-118.299864_26.0819860234.jpg 1920,401,572
044_001_34.105444_-118.337472_58.743694783.jpg 1920,925,1024
044_002_34.105544_-118.337477_72.590660144.jpg 1920,938,1033
044_006_34.105412_-118.337471_54.9114975422.jpg 1920,1033,1166
044_007_34.105511_-118.337475_67.7612023499.jpg 1920,1093,1176
044_010_34.105542_-118.337477_88.641674.jpg 1920,429,538
044_011_34.105342_-118.337468_50.327118769.jpg 1920,833,992
044_012_34.105442_-118.337472_67.1180397634.jpg 1920,618,731
044_016_34.105419_-118.337471_62.6685251293.jpg 1920,789,958
045_001_34.105423_-118.286691_-44.7028464828.jpg 1920,471,567
045_002_34.105423_-118.286791_-26.1248356038.jpg 1920,276,420
045_003_34.105424_-118.286970_23.0788040738.jpg 1920,630,819
045_004_34.105425_-118.287090_46.6075750877.jpg 1920,276,528
045_005_34.105557_-118.287422_87.025450.jpg 1920,770,903
045_006_34.105357_-118.287432_63.8494259621.jpg 1920,703,818
045_007_34.105458_-118.287429_74.7530507985.jpg 1920,912,1064
045_008_34.105657_-118.287418_99.8969412321.jpg 1920,911,1072
045_009_34.105757_-118.287418_111.968031482.jpg 1920,758,904
045_011_34.105425_-118.287090_33.8833748196.jpg 1920,713,934
045_012_34.105425_-118.287090_33.8833748196.jpg 1920,727,940
045_015_34.105557_-118.287422_93.891104.jpg 1920,681,827
045_016_34.105357_-118.287432_64.0038211919.jpg 1920,684,830
045_017_34.105457_-118.287429_77.9351226233.jpg 1920,825,1004
045_018_34.105657_-118.287418_109.640196805.jpg 1920,595,737
045_019_34.105756_-118.287418_122.941591158.jpg 1920,440,559
046_007_33.943245_-118.244518_-18.9656721362.jpg 1920,1488,1671
046_009_33.943246_-118.244818_31.2847905836.jpg 1920,1422,1565
046_014_33.943791_-118.244923_131.907208776.jpg 1920,818,881
046_016_33.943245_-118.244418_-28.3837566148.jpg 1920,1000,1217
046_017_33.943245_-118.244518_-16.8119665677.jpg 1920,1408,1611
047_000_34.083573_-118.350120_2.494248.jpg 1920,331,722
047_001_34.083568_-118.349920_-41.4637001553.jpg 1920,1065,1232
047_002_34.083571_-118.350020_-23.2880458362.jpg 1920,375,703
047_003_34.083576_-118.350220_28.136061826.jpg 1920,614,972
047_004_34.083578_-118.350320_46.3512744176.jpg 1920,836,1081
047_007_34.083572_-118.350062_-13.217547949.jpg 1920,823,955
047_008_34.083577_-118.350258_36.0281621357.jpg 1920,318,652
047_009_34.083579_-118.350356_51.1020896594.jpg 1920,674,948
047_010_34.083571_-118.350037_2.485359.jpg 1920,332,423
047_011_34.083566_-118.349823_-45.630522862.jpg 1920,769,1025
047_012_34.083569_-118.349937_-24.9590564453.jpg 1920,542,719
047_013_34.083574_-118.350137_30.020255476.jpg 1920,1257,1357
047_014_34.083576_-118.350237_48.6380351969.jpg 1920,1144,1306
047_015_34.083574_-118.350160_35.232241.jpg 1920,1057,1217
047_019_34.083578_-118.350327_59.0088716127.jpg 1920,383,695
048_005_34.074947_-118.309144_269.720238.jpg 1920,598,867
048_007_34.075047_-118.309145_256.160698843.jpg 1920,528,712
048_008_34.074847_-118.309143_-76.5954421945.jpg 1920,698,912
048_009_34.074747_-118.309142_-64.3111244386.jpg 1920,901,1036
048_010_34.074962_-118.309144_-89.874450.jpg 1920,565,893
048_012_34.075062_-118.309146_248.605548757.jpg 1920,755,965
048_013_34.074862_-118.309143_-68.4684408272.jpg 1920,414,630
048_014_34.074762_-118.309142_-51.7371155613.jpg 1920,492,716
049_001_33.961544_-118.359534_218.346315177.jpg 1920,919,1191
049_002_33.961444_-118.359533_237.718469466.jpg 1920,662,981
049_005_33.961629_-118.360027_139.189493.jpg 1920,759,908
049_006_33.961626_-118.360180_127.347292542.jpg 1920,957,1056
049_007_33.961627_-118.360105_132.516117787.jpg 1920,970,1125
049_008_33.961729_-118.359952_154.33510936.jpg 1920,870,1042
049_009_33.961730_-118.359875_162.423919061.jpg 1920,991,1268
049_011_33.961612_-118.359536_218.33145041.jpg 1920,850,1198
049_012_33.961512_-118.359534_237.704530153.jpg 1920,668,928
049_013_33.961312_-118.359531_-57.6573573172.jpg 1920,661,1109
049_015_33.961629_-118.360027_131.569186.jpg 1920,1000,1163
049_016_33.961626_-118.360154_121.772630446.jpg 1920,1129,1263
049_017_33.961628_-118.360096_125.703809979.jpg 1920,1185,1337
050_001_34.032094_-118.266666_83.0259806649.jpg 1920,776,977
050_003_34.032330_-118.266476_148.153803992.jpg 1920,870,1312
051_008_34.025659_-118.252859_156.850050633.jpg 1920,728,827
051_011_34.025430_-118.252684_168.884982784.jpg 1920,442,555
051_018_34.025661_-118.252864_158.115059503.jpg 1920,689,746
052_009_33.988975_-118.329810_228.983733538.jpg 1920,360,548
052_011_33.989014_-118.329810_213.967412011.jpg 1920,833,1032
052_012_33.988919_-118.329809_232.619025698.jpg 1920,288,430
052_019_33.989014_-118.329810_213.967412011.jpg 1920,821,1055
053_001_34.035801_-118.378441_157.008181856.jpg 1920,1144,1382
053_002_34.035776_-118.378344_172.804573631.jpg 1920,1078,1278
053_005_34.035242_-118.378044_-34.859137.jpg 1920,1417,1567
053_006_34.035344_-118.377864_-60.5532731043.jpg 1920,863,1103
053_007_34.035292_-118.377956_-48.1949275102.jpg 1920,1200,1475
053_008_34.035193_-118.378132_-21.4064375499.jpg 1920,1517,1671
053_009_34.035143_-118.378220_-9.14969139148.jpg 1920,1452,1587
053_011_34.035331_-118.377888_-65.1225803495.jpg 1920,1018,1198
053_014_34.035132_-118.378240_-2.05455472136.jpg 1920,1593,1671
053_015_34.035242_-118.378044_-37.599464.jpg 1920,1488,1671
053_016_34.035344_-118.377864_-68.4945281624.jpg 1920,1139,1336
053_017_34.035292_-118.377956_-54.3004039172.jpg 1920,1417,1671
053_018_34.035192_-118.378133_-20.2081595809.jpg 1920,1495,1665
053_019_34.035142_-118.378221_-4.90756388024.jpg 1920,1309,1441
054_001_33.988026_-118.364727_117.710444747.jpg 1920,1080,1443
054_002_33.988023_-118.364626_134.639571259.jpg 1920,537,819
056_011_34.097981_-118.343383_151.443058081.jpg 1920,853,1009
057_010_34.060985_-118.244284_45.287247.jpg 1920,878,1039
057_016_34.060986_-118.244285_46.9439341962.jpg 1920,834,1021
058_000_33.944357_-118.206966_188.278406.jpg 1920,1276,1485
058_001_33.944380_-118.207165_163.615633922.jpg 1920,530,733
058_002_33.944370_-118.207080_173.523639271.jpg 1920,790,976
058_003_33.944346_-118.206866_201.292769844.jpg 1920,845,996
058_005_33.944358_-118.206973_187.430242.jpg 1920,655,796
058_006_33.944381_-118.207172_162.855695881.jpg 1920,583,702
058_007_33.944370_-118.207080_173.523639271.jpg 1920,783,968
058_008_33.944347_-118.206874_200.395612117.jpg 1920,892,1058
058_010_33.944357_-118.206962_188.303035.jpg 1920,1287,1474
058_015_33.944358_-118.206973_182.407068.jpg 1920,835,990
059_001_33.943640_-118.200521_155.123589617.jpg 1920,699,908
059_002_33.943628_-118.200421_170.235829541.jpg 1920,1301,1506
059_003_33.943606_-118.200222_206.482198228.jpg 1920,1445,1671
059_005_33.943618_-118.200330_186.810719.jpg 1920,807,1340
059_006_33.943640_-118.200529_154.099716806.jpg 1920,715,1021
059_008_33.943607_-118.200231_205.09322006.jpg 1920,1452,1671
059_009_33.943596_-118.200131_220.442893527.jpg 1920,1678,1842
059_013_33.943626_-118.200404_204.49681647.jpg 1920,502,788
059_014_33.943615_-118.200304_218.366597363.jpg 1920,1050,1344
059_015_33.943618_-118.200330_215.014669.jpg 1920,1266,1391
059_017_33.943628_-118.200420_202.015704845.jpg 1920,500,756
059_018_33.943608_-118.200240_225.662788119.jpg 1920,835,1160
059_019_33.943598_-118.200151_233.901899262.jpg 1920,1232,1460
060_001_33.959960_-118.377905_-33.1776594023.jpg 1920,741,986
060_003_33.959967_-118.378205_22.420694274.jpg 1920,827,1113
060_004_33.959967_-118.378305_37.9832429748.jpg 1920,939,1172
060_007_33.959960_-118.377903_-33.5263371408.jpg 1920,737,992
060_009_33.959967_-118.378184_18.637660707.jpg 1920,992,1198
060_011_33.959961_-118.377940_-42.497234336.jpg 1920,1042,1205
060_013_33.959967_-118.378237_36.4387577445.jpg 1920,478,609
060_014_33.959967_-118.378336_52.6994298994.jpg 1920,500,677
060_017_33.959960_-118.377914_-46.4467770239.jpg 1920,1175,1368
061_000_33.960133_-118.278651_1.288653.jpg 1920,1069,1494
061_001_33.960131_-118.278451_-39.8264989735.jpg 1920,466,593
061_002_33.960132_-118.278551_-22.3264686097.jpg 1920,506,734
061_003_33.960134_-118.278751_24.7701431016.jpg 1920,1499,1645
061_004_33.960134_-118.278851_42.2979638052.jpg 1920,1542,1708
062_002_34.048610_-118.251535_1.38536039716.jpg 1920,796,936
062_005_34.048891_-118.251693_136.093677.jpg 1920,1601,1777
062_008_34.048963_-118.251626_160.295324448.jpg 1920,824,1094
063_009_34.097991_-118.335674_209.173606002.jpg 1920,796,892
063_014_34.097991_-118.335653_204.586518279.jpg 1920,935,1059
063_019_34.097991_-118.335672_202.563185799.jpg 1920,1001,1135
064_000_34.046752_-118.255770_219.280329.jpg 1920,247,489
064_001_34.046863_-118.255939_167.289992289.jpg 1920,748,903
064_002_34.046808_-118.255855_186.785979182.jpg 1920,1246,1476
064_003_34.046696_-118.255685_251.842244649.jpg 1920,773,1213
064_004_34.046641_-118.255601_-88.921712374.jpg 1920,1070,1241
064_005_34.046782_-118.255816_200.410427.jpg 1920,800,1113
064_007_34.046833_-118.255894_176.251789392.jpg 1920,462,665
064_008_34.046731_-118.255738_233.029466883.jpg 1920,1391,1705
064_009_34.046680_-118.255660_258.916939434.jpg 1920,1485,1674
065_001_34.050423_-118.291617_233.633185358.jpg 1920,1422,1561
065_005_34.050373_-118.291616_241.087069.jpg 1920,1175,1353
065_006_34.050550_-118.291621_219.611469403.jpg 1920,699,1033
065_007_34.050461_-118.291619_228.680117509.jpg 1920,894,1115
065_011_34.050547_-118.291621_219.359102273.jpg 1920,737,958
065_012_34.050447_-118.291618_238.587517547.jpg 1920,531,813
065_015_34.050373_-118.291616_260.595797.jpg 1920,539,745
065_016_34.050571_-118.291622_216.19625917.jpg 1920,831,1114
065_017_34.050472_-118.291619_232.686570991.jpg 1920,735,1110
066_001_34.054763_-118.383698_42.1060861754.jpg 1920,886,1213
066_005_34.054739_-118.383469_-2.434689.jpg 1920,924,1298
066_006_34.054703_-118.383281_-31.8994583601.jpg 1920,691,916
066_007_34.054721_-118.383375_-19.5012182444.jpg 1920,745,1189
066_008_34.054757_-118.383563_18.1898257863.jpg 1920,355,594
066_009_34.054775_-118.383657_37.6788450396.jpg 1920,617,890
066_010_34.054914_-118.383698_89.855097.jpg 1920,869,965
066_011_34.054715_-118.383705_44.3186520171.jpg 1920,1453,1597
066_012_34.054814_-118.383696_61.6932949168.jpg 1920,348,459
066_015_34.054710_-118.383320_-31.037421.jpg 1920,1137,1310
066_016_34.054685_-118.383184_-45.2811364153.jpg 1920,1125,1296
066_017_34.054698_-118.383252_-39.3165495033.jpg 1920,926,1077
066_018_34.054723_-118.383388_-19.6029715406.jpg 1920,755,990
066_019_34.054736_-118.383455_-4.12471652125.jpg 1920,1015,1254
067_000_33.962573_-118.224546_63.097171.jpg 1920,967,1068
067_001_33.962402_-118.224439_25.5287788134.jpg 1920,447,605
067_002_33.962488_-118.224492_42.0718759579.jpg 1920,707,753
067_003_33.962658_-118.224600_84.1575956549.jpg 1920,354,461
067_004_33.962744_-118.224654_100.628799653.jpg 1920,411,724
067_010_33.962605_-118.224566_63.117343.jpg 1920,800,1123
067_011_33.962449_-118.224467_10.039152771.jpg 1920,1110,1212
067_012_33.962520_-118.224512_27.1845966782.jpg 1920,1249,1419
067_013_33.962690_-118.224620_98.7954628365.jpg 1920,439,813
067_014_33.962776_-118.224674_118.199972425.jpg 1920,474,735
067_015_33.962277_-118.224363_-6.733074.jpg 1920,1048,1186
067_016_33.962229_-118.224334_-9.04254338294.jpg 1920,1123,1294
067_017_33.962253_-118.224349_-7.96044608204.jpg 1920,1091,1183
067_018_33.962301_-118.224377_-5.36856067762.jpg 1920,1227,1399
067_019_33.962325_-118.224392_-3.7826188237.jpg 1920,1142,1324
069_009_34.010850_-118.292648_181.48061295.jpg 1920,851,999
069_018_34.010851_-118.292744_172.238162331.jpg 1920,792,949
069_019_34.010850_-118.292649_183.099405125.jpg 1920,797,900
070_006_34.076121_-118.360594_-38.5099097251.jpg 1920,904,1050
070_007_34.076120_-118.360693_-24.5930698676.jpg 1920,1029,1102
070_010_34.076120_-118.360696_-0.039839.jpg 1920,636,775
070_011_34.076122_-118.360496_-42.0874071713.jpg 1920,616,715
070_012_34.076121_-118.360596_-24.3217130126.jpg 1920,471,557
070_016_34.076121_-118.360611_-20.9689504993.jpg 1920,361,541
071_001_34.066964_-118.270932_169.71035408.jpg 1920,220,388
071_004_34.066800_-118.270555_246.297014713.jpg 1920,675,855
071_006_34.066951_-118.270902_174.309073434.jpg 1920,392,451
071_008_34.066830_-118.270624_234.43784763.jpg 1920,1677,1750
071_009_34.066789_-118.270531_249.626338481.jpg 1920,650,734
071_011_34.066940_-118.270876_158.372886888.jpg 1920,815,920
071_012_34.066899_-118.270783_177.741508251.jpg 1920,160,302
071_013_34.066819_-118.270598_239.59844586.jpg 1920,890,1050
071_014_34.066778_-118.270506_258.699053548.jpg 1920,1136,1237
071_016_34.066949_-118.270897_155.319209295.jpg 1920,941,1050
071_017_34.066910_-118.270807_171.688386439.jpg 1920,366,458
071_019_34.066792_-118.270536_253.618835664.jpg 1920,543,614
072_002_34.043466_-118.274320_182.960768216.jpg 1920,314,476
072_003_34.043385_-118.274135_234.563852394.jpg 1920,871,970
072_004_34.043344_-118.274042_252.745180326.jpg 1920,1370,1480
072_006_34.043511_-118.274420_163.41243725.jpg 1920,171,243
072_007_34.043470_-118.274328_180.901254845.jpg 1920,335,550
072_008_34.043389_-118.274144_232.251562871.jpg 1920,923,1048
072_009_34.043349_-118.274052_251.2036006.jpg 1920,1426,1482
072_010_34.043190_-118.274095_-61.402351.jpg 1920,772,902
072_011_34.043358_-118.273985_241.406373615.jpg 1920,793,863
072_012_34.043275_-118.274040_260.349172406.jpg 1920,933,1030
072_013_34.043105_-118.274149_-22.6818287157.jpg 1920,708,812
072_014_34.043020_-118.274204_-3.2985132049.jpg 1920,833,895
072_015_34.043430_-118.274236_177.347770.jpg 1920,495,645
072_016_34.043491_-118.274375_153.311204361.jpg 1920,504,605
072_017_34.043463_-118.274312_161.821017517.jpg 1920,960,1145
072_019_34.043363_-118.274085_225.406332082.jpg 1920,1098,1250
073_005_33.987248_-118.186535_16.825185.jpg 1920,1394,1490
073_008_33.987254_-118.186616_21.5579023485.jpg 1920,1460,1573
073_019_33.987250_-118.186562_34.7773807639.jpg 1920,824,938
074_000_34.058519_-118.237620_-52.537840.jpg 1920,1812,1877
074_001_34.058668_-118.237483_256.910789882.jpg 1920,1049,1160
074_002_34.058594_-118.237552_-84.1655946987.jpg 1920,1467,1692
074_003_34.058446_-118.237690_-20.5635013913.jpg 1920,1659,1750
074_004_34.058369_-118.237758_-1.16684660237.jpg 1920,1446,1588
074_005_34.058482_-118.237655_-35.477917.jpg 1920,1298,1573
074_006_34.058620_-118.237528_267.700362185.jpg 1920,638,906
074_007_34.058551_-118.237591_-67.2899229762.jpg 1920,850,1249
074_008_34.058414_-118.237720_-10.6573397822.jpg 1920,1321,1486
074_009_34.058344_-118.237778_2.64515156647.jpg 1920,1325,1476
074_010_34.058534_-118.237606_-52.542863.jpg 1920,1732,1879
074_011_34.058683_-118.237469_252.01904487.jpg 1920,705,887
074_012_34.058609_-118.237538_-88.9802012739.jpg 1920,571,783
074_013_34.058461_-118.237676_-15.472726803.jpg 1920,1486,1655
074_014_34.058385_-118.237745_4.20865699116.jpg 1920,860,981
074_015_34.058692_-118.237460_250.519331.jpg 1920,772,948
074_016_34.058781_-118.237375_240.440988505.jpg 1920,850,985
074_017_34.058737_-118.237418_244.579050256.jpg 1920,976,1073
074_018_34.058648_-118.237503_259.320565832.jpg 1920,943,1217
074_019_34.058599_-118.237547_-85.1615186357.jpg 1920,1477,1822
075_007_34.038939_-118.260969_17.8161125257.jpg 1920,743,817
075_008_34.038904_-118.261002_19.9929133698.jpg 1920,659,794
075_009_34.038886_-118.261018_20.9172446565.jpg 1920,643,766
075_010_34.039156_-118.260768_-51.747729.jpg 1920,825,1194
075_011_34.039304_-118.260630_267.341639079.jpg 1920,706,932
075_012_34.039230_-118.260699_-75.2314501899.jpg 1920,696,1018
075_013_34.039082_-118.260837_-28.2411365073.jpg 1920,1159,1399
075_014_34.039007_-118.260905_-10.6781908246.jpg 1920,1255,1465
075_016_34.038996_-118.260916_-8.5746230957.jpg 1920,1182,1366
075_017_34.038959_-118.260951_-2.52958758768.jpg 1920,1400,1469
075_019_34.038846_-118.261055_9.47934633333.jpg 1920,1236,1331
076_000_33.945219_-118.372414_180.836991.jpg 1920,659,1193
076_001_33.945220_-118.372614_129.916072967.jpg 1920,419,502
076_002_33.945220_-118.372514_149.172051424.jpg 1920,449,593
076_003_33.945219_-118.372314_212.398641938.jpg 1920,1276,1577
076_004_33.945219_-118.372214_231.720355372.jpg 1920,1357,1522
076_005_33.945329_-118.372410_181.505843.jpg 1920,1091,1358
076_006_33.945331_-118.372610_147.301826934.jpg 1920,746,952
076_007_33.945330_-118.372510_162.763738264.jpg 1920,870,1120
076_008_33.945329_-118.372310_200.227057642.jpg 1920,897,1116
076_009_33.945329_-118.372210_215.457248866.jpg 1920,1040,1227
077_005_34.076285_-118.300786_173.722510.jpg 1920,570,775
077_006_34.076284_-118.300985_151.518028992.jpg 1920,606,730
077_007_34.076285_-118.300874_163.271893405.jpg 1920,692,907
077_008_34.076285_-118.300687_186.14080884.jpg 1920,981,1206
077_009_34.076285_-118.300587_198.04636143.jpg 1920,1099,1302
077_010_34.076285_-118.300694_180.806764.jpg 1920,1149,1347
077_014_34.076285_-118.300494_250.599272397.jpg 1920,17,190
077_016_34.076285_-118.300916_108.941689565.jpg 1920,1344,1437
077_017_34.076285_-118.300849_116.120668877.jpg 1920,1280,1374
077_018_34.076285_-118.300723_159.344201819.jpg 1920,914,1065
077_019_34.076285_-118.300660_205.795703832.jpg 1920,328,662
078_000_34.090642_-118.384907_2.626650.jpg 1920,1175,1410
078_001_34.090636_-118.384707_-42.2229280154.jpg 1920,778,1038
078_002_34.090639_-118.384805_-24.4318168953.jpg 1920,1173,1418
078_003_34.090643_-118.385007_28.7770029623.jpg 1920,703,975
078_004_34.090644_-118.385107_46.8850847666.jpg 1920,721,920
078_005_34.090642_-118.384912_3.793823.jpg 1920,1115,1392
078_006_34.090636_-118.384712_-41.4935841781.jpg 1920,1390,1577
078_007_34.090639_-118.384805_-24.4318168953.jpg 1920,1184,1513
078_008_34.090643_-118.385012_29.9013857021.jpg 1920,668,917
078_009_34.090644_-118.385112_47.5617770394.jpg 1920,707,925
079_012_33.978701_-118.372953_-74.1557708105.jpg 1920,1019,1204
079_015_33.978690_-118.373239_83.087339.jpg 1920,195,364
079_016_33.978493_-118.373193_34.5981229442.jpg 1920,1153,1290
079_017_33.978592_-118.373200_52.2805788622.jpg 1920,881,1037
079_018_33.978690_-118.373248_83.2993315092.jpg 1920,298,361
079_019_33.978689_-118.373256_83.5058692796.jpg 1920,288,429
080_004_34.073166_-118.376576_249.425079005.jpg 1920,797,946
080_005_34.073410_-118.376734_189.698770.jpg 1920,1056,1190
080_006_34.073434_-118.376933_161.961857057.jpg 1920,703,874
080_007_34.073422_-118.376833_175.049293155.jpg 1920,821,951
080_009_34.073386_-118.376535_217.25667649.jpg 1920,758,903
081_010_34.061718_-118.306003_0.731562.jpg 1920,1299,1687
081_014_34.061717_-118.306200_87.8684535117.jpg 1920,240,396
082_000_34.022901_-118.372293_93.831893.jpg 1920,967,1231
082_001_34.022701_-118.372305_49.5380169099.jpg 1920,1038,1216
082_003_34.023001_-118.372287_119.633117328.jpg 1920,441,740
082_004_34.023101_-118.372283_137.63138423.jpg 1920,763,940
082_005_34.022888_-118.372294_90.073396.jpg 1920,1113,1327
082_006_34.022688_-118.372305_47.7052541221.jpg 1920,1106,1271
082_008_34.022988_-118.372288_116.66707566.jpg 1920,543,858
082_009_34.023088_-118.372284_135.747919021.jpg 1920,812,979
082_011_34.022596_-118.372309_61.4740677862.jpg 1920,922,1063
082_012_34.022696_-118.372305_76.3333757264.jpg 1920,192,449
082_013_34.022896_-118.372293_111.266917474.jpg 1920,466,777
082_014_34.022996_-118.372288_125.90658629.jpg 1920,215,599
082_015_34.022888_-118.372294_109.896255.jpg 1920,490,740
082_016_34.022698_-118.372305_76.6807999466.jpg 1920,195,372
082_018_34.022983_-118.372288_124.245912953.jpg 1920,317,618
082_019_34.023078_-118.372284_135.195161296.jpg 1920,845,1034
083_001_34.090117_-118.309583_-51.9576479947.jpg 1920,190,368
083_002_34.090116_-118.309683_-32.6581839264.jpg 1920,1148,1229
083_005_34.090249_-118.309187_-89.565013.jpg 1920,790,950
083_006_34.090461_-118.309189_247.371208912.jpg 1920,811,931
083_007_34.090349_-118.309188_259.039564009.jpg 1920,769,934
083_008_34.090149_-118.309187_-78.2570452373.jpg 1920,1039,1201
083_009_34.090049_-118.309186_-67.7428742652.jpg 1920,1042,1152
083_010_34.090363_-118.309532_-89.720937.jpg 1920,408,545
083_012_34.090463_-118.309533_228.813272245.jpg 1920,1410,1535
083_013_34.090263_-118.309531_-48.3309612131.jpg 1920,1330,1447
083_014_34.090163_-118.309530_-29.2847569871.jpg 1920,950,1045
083_015_34.090249_-118.309187_-73.435474.jpg 1920,261,430
083_016_34.090440_-118.309189_259.601945078.jpg 1920,424,561
083_017_34.090345_-118.309188_-86.7859787435.jpg 1920,292,462
083_018_34.090122_-118.309215_-56.7448404934.jpg 1920,332,543
083_019_34.090121_-118.309245_-54.8896876947.jpg 1920,298,475
084_008_33.975878_-118.357613_-80.792967016.jpg 1920,745,890
084_009_33.975778_-118.357615_-72.491706966.jpg 1920,700,836
084_018_33.975881_-118.357613_268.482845036.jpg 1920,1087,1212
084_019_33.975783_-118.357615_-80.7704923115.jpg 1920,984,1112
085_000_34.095540_-118.207650_-56.291694.jpg 1920,642,878
085_001_34.095696_-118.207521_-77.959686742.jpg 1920,1035,1161
085_002_34.095618_-118.207586_-67.6311010713.jpg 1920,671,867
085_003_34.095461_-118.207713_-44.9592720592.jpg 1920,621,787
085_004_34.095381_-118.207775_-34.3845910818.jpg 1920,634,822
085_005_34.095612_-118.207591_-66.781596.jpg 1920,654,821
085_006_34.095766_-118.207461_-86.155565263.jpg 1920,649,747
085_007_34.095689_-118.207526_-77.1322511309.jpg 1920,700,819
085_008_34.095534_-118.207655_-55.3906923649.jpg 1920,652,825
085_009_34.095454_-118.207718_-44.0479309538.jpg 1920,635,772
085_010_34.095570_-118.207627_-55.667309.jpg 1920,467,605
085_011_34.095725_-118.207496_-82.5599087032.jpg 1920,524,669
085_013_34.095491_-118.207689_-41.2274130895.jpg 1920,238,357
085_014_34.095411_-118.207752_-28.4769870639.jpg 1920,223,308
085_015_34.095612_-118.207591_-63.624776.jpg 1920,569,730
085_016_34.095767_-118.207461_-88.4466205133.jpg 1920,703,816
085_018_34.095533_-118.207656_-48.8763641767.jpg 1920,429,678
085_019_34.095454_-118.207718_-35.0074810663.jpg 1920,266,536
086_005_34.098086_-118.310634_-0.787411.jpg 1920,500,704
086_006_34.098088_-118.310434_-30.5352298855.jpg 1920,814,948
086_007_34.098087_-118.310534_-16.7876351036.jpg 1920,353,552
086_008_34.098085_-118.310734_15.4185141397.jpg 1920,744,959
086_009_34.098084_-118.310834_29.4703212212.jpg 1920,1010,1230
086_015_34.098086_-118.310634_-7.475963.jpg 1920,708,833
086_016_34.098088_-118.310435_-40.6527664724.jpg 1920,1135,1286
086_017_34.098087_-118.310535_-26.3439872609.jpg 1920,681,828
086_018_34.098085_-118.310733_13.2215351368.jpg 1920,837,1006
086_019_34.098084_-118.310833_30.9814014094.jpg 1920,960,1102
087_000_33.942384_-118.265143_269.506419.jpg 1920,563,721
087_001_33.942584_-118.265141_244.603223223.jpg 1920,666,822
087_002_33.942484_-118.265142_256.34546297.jpg 1920,962,1117
087_003_33.942284_-118.265145_-77.165586116.jpg 1920,867,1007
087_004_33.942184_-118.265147_-64.9600416844.jpg 1920,923,1073
087_005_33.942371_-118.265143_-88.713206.jpg 1920,782,957
087_006_33.942571_-118.265141_246.035066512.jpg 1920,600,768
087_007_33.942471_-118.265142_257.994282792.jpg 1920,916,1064
087_008_33.942271_-118.265145_-75.4901168162.jpg 1920,799,974
087_009_33.942171_-118.265147_-63.503356168.jpg 1920,862,1037
087_010_33.942338_-118.265144_-88.527060.jpg 1920,742,965
087_011_33.942538_-118.265142_232.32802798.jpg 1920,1048,1195
087_012_33.942438_-118.265143_249.327707866.jpg 1920,1193,1459
087_013_33.942238_-118.265146_-66.5217927636.jpg 1920,524,735
087_014_33.942138_-118.265147_-49.5422513872.jpg 1920,417,648
087_015_33.942371_-118.265143_263.853295.jpg 1920,999,1235
087_016_33.942570_-118.265141_228.134234367.jpg 1920,1166,1335
087_017_33.942470_-118.265142_243.17354894.jpg 1920,1385,1537
087_018_33.942272_-118.265145_-73.5473690209.jpg 1920,726,979
087_019_33.942172_-118.265147_-54.6990102971.jpg 1920,583,806
088_000_34.053682_-118.376141_90.551888.jpg 1920,44,462
088_001_34.053482_-118.376140_38.6571175845.jpg 1920,292,432
088_002_34.053582_-118.376140_57.972236298.jpg 1920,21,235
088_003_34.053782_-118.376141_122.926254282.jpg 1920,833,1266
088_004_34.053882_-118.376142_142.355234701.jpg 1920,1183,1345
088_005_34.053879_-118.376142_141.973593.jpg 1920,1189,1394
088_006_34.053756_-118.376141_115.742165333.jpg 1920,1101,1394
088_007_34.053818_-118.376141_131.2616937.jpg 1920,622,1058
088_008_34.053940_-118.376142_149.21770309.jpg 1920,678,841
088_009_34.053984_-118.376142_153.048624117.jpg 1920,524,724
088_014_34.054081_-118.376144_142.562669871.jpg 1920,1242,1394
088_018_34.053984_-118.376142_124.161068083.jpg 1920,1458,1681
088_019_34.054079_-118.376144_142.295088402.jpg 1920,1224,1402
089_000_34.104971_-118.259555_42.910643.jpg 1920,601,813
089_001_34.104830_-118.259385_14.3057975457.jpg 1920,466,659
089_002_34.104907_-118.259477_28.7069645547.jpg 1920,1123,1379
089_003_34.105032_-118.259636_57.2275766209.jpg 1920,902,1179
089_004_34.105093_-118.259717_69.9046800064.jpg 1920,946,1151
089_005_34.104971_-118.259554_42.807062.jpg 1920,599,836
089_006_34.104830_-118.259385_14.3057975457.jpg 1920,468,654
089_007_34.104907_-118.259476_28.6213710155.jpg 1920,1115,1316
089_008_34.105032_-118.259636_57.1398801948.jpg 1920,909,1171
089_009_34.105092_-118.259717_69.8258030816.jpg 1920,942,1121
089_010_34.104973_-118.259557_42.902428.jpg 1920,624,918
089_011_34.104844_-118.259402_9.61107242149.jpg 1920,617,754
089_012_34.104909_-118.259479_24.384870582.jpg 1920,1276,1420
089_013_34.105034_-118.259638_61.5730099985.jpg 1920,777,1099
089_014_34.105094_-118.259720_76.8993511964.jpg 1920,675,964
089_015_34.104971_-118.259554_42.206430.jpg 1920,623,857
089_016_34.104830_-118.259385_6.93151245538.jpg 1920,690,951
089_017_34.104907_-118.259476_23.8389202314.jpg 1920,1284,1536
089_018_34.105032_-118.259635_60.9462891169.jpg 1920,791,1011
089_019_34.105092_-118.259716_76.4114972053.jpg 1920,736,885
090_000_34.101757_-118.299950_0.334643.jpg 1920,318,555
090_001_34.101758_-118.299750_-38.7085421743.jpg 1920,755,1102
090_002_34.101757_-118.299850_-21.76590601.jpg 1920,302,434
090_003_34.101756_-118.300050_22.3198019309.jpg 1920,469,824
090_004_34.101755_-118.300166_41.3993188046.jpg 1920,706,904
090_005_34.101757_-118.299961_2.769090.jpg 1920,317,418
090_006_34.101758_-118.299761_-37.0866005367.jpg 1920,735,963
090_007_34.101757_-118.299861_-19.527313067.jpg 1920,840,1145
090_008_34.101756_-118.300061_24.4566652153.jpg 1920,395,709
090_009_34.101755_-118.300166_41.3993188046.jpg 1920,688,902
090_010_34.101756_-118.300025_0.321252.jpg 1920,1157,1524
090_011_34.101757_-118.299825_-54.5893185841.jpg 1920,1284,1439
090_012_34.101757_-118.299925_-35.1165876031.jpg 1920,1393,1585
090_013_34.101756_-118.300125_35.7553707534.jpg 1920,885,1076
090_014_34.101755_-118.300225_55.1556602738.jpg 1920,546,730
090_015_34.101757_-118.299961_-24.235902.jpg 1920,995,1325
090_016_34.101757_-118.299778_-60.0384555882.jpg 1920,1461,1622
090_017_34.101757_-118.299869_-47.5693161526.jpg 1920,1744,1875
090_018_34.101756_-118.300053_11.3992524469.jpg 1920,785,1087
090_019_34.101755_-118.300166_45.3235141745.jpg 1920,603,778
091_004_33.945936_-118.333923_125.996861326.jpg 1920,453,580
091_005_33.945470_-118.333480_-24.332429.jpg 1920,193,463
091_006_33.945474_-118.333295_-43.8054687808.jpg 1920,1025,1195
091_007_33.945472_-118.333388_-35.1975936853.jpg 1920,742,931
091_008_33.945467_-118.333572_-11.4968203869.jpg 1920,540,841
091_009_33.945465_-118.333665_2.56665009586.jpg 1920,779,932
091_013_33.945923_-118.333920_99.2007827178.jpg 1920,1313,1425
091_016_33.945474_-118.333282_-29.7784490045.jpg 1920,331,490
091_017_33.945472_-118.333381_-20.2286078087.jpg 1920,237,376
091_018_33.945467_-118.333579_2.04326796598.jpg 1920,90,374
091_019_33.945465_-118.333678_13.2498841501.jpg 1920,416,642
092_001_34.041466_-118.204722_164.63850237.jpg 1920,1111,1344
092_006_34.041486_-118.204770_158.067991765.jpg 1920,1312,1503
092_010_34.041399_-118.204897_114.271097.jpg 1920,534,1021
092_016_34.041669_-118.204736_206.389973696.jpg 1920,279,396
093_008_34.068560_-118.344040_88.59188026.jpg 1920,1079,1306
093_009_34.068655_-118.344041_103.503179927.jpg 1920,909,1109
093_011_34.068560_-118.344040_109.640659654.jpg 1920,430,610
093_012_34.068560_-118.343952_123.488882873.jpg 1920,6,183
093_016_34.068270_-118.344037_33.7923987906.jpg 1920,481,579
093_017_34.068366_-118.344038_48.4416753927.jpg 1920,268,375
093_018_34.068560_-118.344040_109.640659654.jpg 1920,416,606
093_019_34.068657_-118.344041_134.268970985.jpg 1920,27,126
094_005_34.088924_-118.276495_235.739823.jpg 1920,549,754
094_006_34.089099_-118.276579_213.384284521.jpg 1920,443,607
094_007_34.089011_-118.276537_223.576884347.jpg 1920,469,661
094_008_34.088836_-118.276454_249.336065178.jpg 1920,753,1038
094_009_34.088749_-118.276412_262.850348383.jpg 1920,990,1361
094_010_34.088805_-118.276438_249.162894.jpg 1920,744,1039
094_011_34.088987_-118.276525_211.368244917.jpg 1920,856,1080
094_012_34.088896_-118.276482_227.97951739.jpg 1920,831,1083
094_013_34.088708_-118.276392_-88.5307126799.jpg 1920,750,1013
094_014_34.088622_-118.276354_-72.8358389841.jpg 1920,547,746
094_015_34.088924_-118.276495_222.196930.jpg 1920,937,1295
094_016_34.089082_-118.276571_199.343097187.jpg 1920,895,1097
094_017_34.089003_-118.276533_208.948670146.jpg 1920,926,1133
094_018_34.088845_-118.276457_239.519734021.jpg 1920,1063,1335
094_019_34.088782_-118.276329_258.667265663.jpg 1920,532,764
095_000_33.946185_-118.352725_-89.338312.jpg 1920,791,1034
095_002_33.946285_-118.352725_252.430307929.jpg 1920,710,967
095_003_33.946085_-118.352725_-71.2768352542.jpg 1920,845,1108
095_004_33.945985_-118.352723_-56.3083495797.jpg 1920,879,1077
095_005_33.946029_-118.352723_-62.371790.jpg 1920,1078,1254
095_006_33.946206_-118.352526_268.032450464.jpg 1920,724,864
095_007_33.946117_-118.352725_-76.9554221643.jpg 1920,1027,1228
095_008_33.945941_-118.352722_-50.9638021938.jpg 1920,1207,1336
095_009_33.945853_-118.352720_-42.3264304009.jpg 1920,959,1068
096_003_34.091265_-118.361562_223.706497448.jpg 1920,1113,1326
096_004_34.091186_-118.361458_255.194311549.jpg 1920,778,1066
096_005_34.091158_-118.361458_262.351541.jpg 1920,543,816
096_007_34.091268_-118.361459_237.282496597.jpg 1920,682,866
096_008_34.091059_-118.361457_-72.0657617121.jpg 1920,1101,1304
096_010_34.091055_-118.361457_-89.860734.jpg 1920,1037,1194
096_011_34.091268_-118.361459_205.486457856.jpg 1920,1682,1842
097_019_33.987250_-118.186562_34.7773807639.jpg 1920,821,975
098_000_34.087787_-118.379611_-32.264933.jpg 1920,698,1138
098_001_34.087883_-118.379433_-81.7046012272.jpg 1920,558,692
098_002_34.087835_-118.379522_-62.5760016782.jpg 1920,487,779
098_003_34.087739_-118.379700_-1.64306009696.jpg 1920,1031,1315
098_004_34.087692_-118.379789_17.5598268808.jpg 1920,1355,1529
098_005_34.087773_-118.379639_-21.871998.jpg 1920,437,779
098_006_34.087865_-118.379467_-75.7478668496.jpg 1920,352,586
098_007_34.087819_-118.379553_-53.2501959632.jpg 1920,302,516
098_008_34.087727_-118.379725_4.75441995236.jpg 1920,820,1086
098_009_34.087680_-118.379811_20.7275718332.jpg 1920,1277,1441
099_000_34.098033_-118.364894_178.831527.jpg 1920,506,984
099_001_34.098028_-118.365094_147.56122817.jpg 1920,637,890
099_002_34.098031_-118.364994_161.929650898.jpg 1920,410,652
099_003_34.098037_-118.364777_198.498450971.jpg 1920,1004,1270
099_004_34.098038_-118.364694_210.265574469.jpg 1920,1417,1600
099_008_34.098026_-118.365186_137.325976243.jpg 1920,587,777
099_009_34.098027_-118.365142_141.872926723.jpg 1920,801,1016
099_014_34.098022_-118.365287_130.379427551.jpg 1920,590,730
099_019_34.098022_-118.365287_130.379427551.jpg 1920,582,780
100_000_34.062319_-118.345563_2.128763.jpg 1920,456,760
100_001_34.062315_-118.345363_-39.058943996.jpg 1920,301,444
100_002_34.062317_-118.345463_-21.5545950411.jpg 1920,268,452
100_003_34.062321_-118.345663_25.5818828951.jpg 1920,968,1248
100_004_34.062323_-118.345763_43.0692359743.jpg 1920,910,1119
100_005_34.062314_-118.345281_-48.832139.jpg 1920,357,478
100_008_34.062198_-118.345347_-28.5998506029.jpg 1920,360,518
100_009_34.062199_-118.345412_-20.5481792311.jpg 1920,625,790
100_015_34.062314_-118.345281_269.592008.jpg 1920,1676,1841
100_017_34.062314_-118.345285_269.563888732.jpg 1920,1687,1782
100_018_34.062198_-118.345281_-70.9477967145.jpg 1920,1739,1873
100_019_34.062087_-118.345184_-61.0854041594.jpg 1920,1615,1772
101_000_34.064108_-118.376193_269.682679.jpg 1920,1227,1725
101_001_34.064308_-118.376198_226.165723427.jpg 1920,129,324
101_002_34.064208_-118.376195_244.276649338.jpg 1920,157,576
101_005_34.064104_-118.376193_-89.337838.jpg 1920,1173,1395
101_006_34.064304_-118.376198_226.744664161.jpg 1920,104,246
101_007_34.064204_-118.376195_245.194439678.jpg 1920,112,464
101_011_34.064368_-118.376199_187.152915503.jpg 1920,1159,1248
101_012_34.064268_-118.376197_194.344263771.jpg 1920,1142,1342
101_016_34.064179_-118.376195_246.036979847.jpg 1920,727,883
102_005_34.104507_-118.329976_240.317280.jpg 1920,690,889
102_006_34.104669_-118.330059_220.981696202.jpg 1920,284,377
102_008_34.104419_-118.329931_251.972121025.jpg 1920,319,522
102_009_34.104330_-118.329885_263.293011193.jpg 1920,640,806
102_011_34.103932_-118.330153_-28.0503097436.jpg 1920,1061,1132
102_015_34.104507_-118.329976_231.221045.jpg 1920,958,1174
102_016_34.104669_-118.330059_211.231940989.jpg 1920,513,731
102_018_34.104422_-118.329932_244.068890509.jpg 1920,548,752
102_019_34.104338_-118.329889_257.282319903.jpg 1920,819,1041
103_006_33.990708_-118.256463_255.322946804.jpg 1920,708,895
103_007_33.990594_-118.256464_-87.7617407297.jpg 1920,843,981
103_008_33.990402_-118.256464_-61.0896291987.jpg 1920,955,1075
103_009_33.990306_-118.256464_-50.9268240289.jpg 1920,926,1045
103_010_33.990706_-118.256782_179.990407.jpg 1920,1275,1445
103_014_33.990707_-118.256582_267.953351197.jpg 1920,313,515
103_017_33.990577_-118.256464_-64.5881638239.jpg 1920,114,289
103_018_33.990419_-118.256464_-42.6994175135.jpg 1920,338,470
103_019_33.990340_-118.256464_-35.7006214878.jpg 1920,409,579
104_000_34.046866_-118.247140_55.780112.jpg 1920,1472,1860
104_001_34.046711_-118.247009_-0.991788208193.jpg 1920,1200,1445
104_002_34.046789_-118.247074_18.5857338696.jpg 1920,557,864
104_004_34.047021_-118.247271_112.303190744.jpg 1920,1333,1458
104_005_34.046767_-118.246836_-40.753342.jpg 1920,324,708
104_008_34.046707_-118.246917_-19.1349720234.jpg 1920,688,1058
104_009_34.046642_-118.246995_-2.76880890457.jpg 1920,1119,1315
104_015_34.046767_-118.246836_-25.995190.jpg 1920,40,256
104_018_34.046711_-118.246912_-14.4187044018.jpg 1920,549,865
104_019_34.046692_-118.246993_-4.72134826334.jpg 1920,943,1133
105_000_34.047178_-118.316386_0.637880.jpg 1920,234,547
105_001_34.047178_-118.316186_-48.4242004002.jpg 1920,393,629
105_002_34.047178_-118.316286_-29.2935177323.jpg 1920,244,451
105_003_34.047178_-118.316486_30.7160869553.jpg 1920,412,1044
105_004_34.047177_-118.316586_49.7804272386.jpg 1920,734,1171
105_006_34.047178_-118.316164_-51.3049399183.jpg 1920,461,792
105_007_34.047178_-118.316264_-34.522108701.jpg 1920,288,585
105_009_34.047178_-118.316562_46.0863954399.jpg 1920,210,439
105_010_34.047178_-118.316375_0.627708.jpg 1920,220,541
105_011_34.047178_-118.316175_-61.6993799405.jpg 1920,806,1058
105_012_34.047178_-118.316275_-42.998025499.jpg 1920,577,963
105_016_34.047178_-118.316164_-62.9275198378.jpg 1920,848,1090
105_017_34.047178_-118.316264_-46.1147755026.jpg 1920,645,1054
106_003_34.061792_-118.290370_19.3913713271.jpg 1920,286,566
106_010_34.061792_-118.290349_0.111466.jpg 1920,77,383
108_000_34.032358_-118.351285_241.120808.jpg 1920,31,223
108_002_34.032441_-118.351342_220.026761206.jpg 1920,656,888
108_003_34.032275_-118.351227_262.215175614.jpg 1920,78,466
108_004_34.032192_-118.351170_-81.309586132.jpg 1920,1064,1341
108_005_34.032091_-118.351157_-65.272865.jpg 1920,783,1013
108_006_34.032262_-118.351049_267.05917605.jpg 1920,875,1132
108_007_34.032177_-118.351104_-80.2251444448.jpg 1920,911,1209
108_008_34.032004_-118.351208_-49.761021609.jpg 1920,1008,1192
108_009_34.031917_-118.351260_-35.9801383762.jpg 1920,1219,1369
108_010_34.032288_-118.351237_241.115182.jpg 1920,712,1053
108_011_34.032455_-118.351352_200.458663675.jpg 1920,613,730
108_012_34.032371_-118.351294_217.888783947.jpg 1920,731,953
108_014_34.032114_-118.351143_-76.2611216373.jpg 1920,1175,1339
108_015_34.032091_-118.351157_-71.104232.jpg 1920,995,1153
108_016_34.032261_-118.351049_257.304058063.jpg 1920,1203,1363
108_017_34.032176_-118.351104_-89.1311326955.jpg 1920,1183,1380
108_018_34.032004_-118.351208_-50.9110201062.jpg 1920,1052,1215
108_019_34.031917_-118.351260_-33.3296539068.jpg 1920,1145,1248
109_000_34.013279_-118.336405_-65.013202.jpg 1920,588,711
109_001_34.013433_-118.336303_251.889208571.jpg 1920,581,782
109_002_34.013363_-118.336349_267.017930204.jpg 1920,577,799
109_003_34.013191_-118.336463_-33.607781708.jpg 1920,1039,1344
109_004_34.013105_-118.336504_-16.2745924732.jpg 1920,921,1045
109_010_34.013279_-118.336405_-68.727926.jpg 1920,719,834
109_011_34.013433_-118.336303_247.643495254.jpg 1920,736,887
109_012_34.013363_-118.336349_262.152999338.jpg 1920,754,954
109_013_34.013191_-118.336463_-33.638199438.jpg 1920,1057,1282
109_014_34.013113_-118.336466_-22.6546033226.jpg 1920,1084,1344
109_015_34.013394_-118.336328_254.726883.jpg 1920,989,1409
109_016_34.013524_-118.336242_236.788104701.jpg 1920,717,811
109_017_34.013459_-118.336285_243.807674752.jpg 1920,699,828
109_018_34.013242_-118.336311_-66.9336065882.jpg 1920,660,751
109_019_34.013237_-118.336269_-68.7616502447.jpg 1920,751,928
110_005_33.959809_-118.256420_81.462880.jpg 1920,1119,1379
110_006_33.959611_-118.256420_55.3040341575.jpg 1920,933,1094
110_007_33.959710_-118.256420_67.1414529037.jpg 1920,953,1203
110_008_33.959908_-118.256419_97.1928471884.jpg 1920,1217,1444
110_009_33.960007_-118.256419_111.961901993.jpg 1920,1269,1458
110_016_33.959623_-118.256420_49.7494015277.jpg 1920,1090,1251
110_017_33.959716_-118.256420_58.1944634031.jpg 1920,1219,1459
110_018_33.959902_-118.256419_80.6914944998.jpg 1920,1760,1889
110_019_33.959995_-118.256419_93.8293098964.jpg 1920,1831,1894
111_000_34.054072_-118.355248_203.746958.jpg 1920,366,693
111_002_34.054105_-118.355343_171.119072499.jpg 1920,123,459
111_003_34.054039_-118.355153_236.153162602.jpg 1920,925,1375
111_004_34.054006_-118.355058_255.498048962.jpg 1920,719,1119
111_005_34.054063_-118.355222_213.436423.jpg 1920,914,1240
111_006_34.054129_-118.355411_156.022205131.jpg 1920,630,944
111_007_34.054096_-118.355317_178.924208093.jpg 1920,969,1399
111_008_34.054030_-118.355127_242.57075154.jpg 1920,1085,1409
111_009_34.053997_-118.355033_258.862379838.jpg 1920,550,969
111_010_34.054045_-118.355169_203.716639.jpg 1920,1209,1473
111_011_34.054111_-118.355359_143.146551312.jpg 1920,1025,1354
111_012_34.054078_-118.355264_162.246649028.jpg 1920,1522,1778
111_013_34.054011_-118.355074_245.115172342.jpg 1920,1037,1457
111_014_34.053978_-118.354979_264.077857056.jpg 1920,913,1240
111_016_34.054121_-118.355388_139.835706853.jpg 1920,1070,1411
111_018_34.054034_-118.355139_219.407641965.jpg 1920,717,1126
111_019_34.054142_-118.354986_226.317382962.jpg 1920,779,1041
112_005_34.095612_-118.207591_-73.387201.jpg 1920,876,1050
112_006_34.095763_-118.207464_269.486046376.jpg 1920,788,966
112_007_34.095688_-118.207528_-82.6196792913.jpg 1920,850,1084
112_008_34.095535_-118.207654_-62.8205342136.jpg 1920,869,1074
112_009_34.095457_-118.207716_-51.7258808864.jpg 1920,848,1096
112_010_34.095570_-118.207627_-55.667309.jpg 1920,457,677
112_011_34.095725_-118.207496_-82.5599087032.jpg 1920,549,688
112_012_34.095647_-118.207561_-69.9797028183.jpg 1920,730,903
112_015_34.095612_-118.207591_-63.624776.jpg 1920,553,797
112_016_34.095767_-118.207461_-88.4466205133.jpg 1920,682,888
112_017_34.095690_-118.207526_-77.1196292173.jpg 1920,690,951
112_018_34.095533_-118.207656_-48.8763641767.jpg 1920,462,620
112_019_34.095454_-118.207718_-35.0074810663.jpg 1920,442,563
113_000_33.952018_-118.184082_7.987758.jpg 1920,897,1302
113_001_33.951995_-118.183883_-18.2093272401.jpg 1920,728,886
113_002_33.952007_-118.183982_-5.87083305674.jpg 1920,870,1082
113_003_33.952028_-118.184181_21.9208152927.jpg 1920,1050,1269
113_004_33.952039_-118.184281_34.3415011845.jpg 1920,1097,1374
113_005_33.952055_-118.184435_49.263929.jpg 1920,989,1205
113_006_33.952039_-118.184284_34.6293154433.jpg 1920,1117,1355
113_007_33.952047_-118.184359_42.566635558.jpg 1920,865,1058
113_008_33.952063_-118.184511_54.7971520288.jpg 1920,1098,1277
113_009_33.952071_-118.184586_59.3857673455.jpg 1920,976,1137
113_010_33.952693_-118.184263_118.161040.jpg 1920,1225,1379
113_011_33.952674_-118.184339_111.052475858.jpg 1920,1446,1605
113_012_33.952672_-118.184309_112.163314249.jpg 1920,1395,1598
113_013_33.952782_-118.184222_134.339732317.jpg 1920,1159,1302
113_014_33.952874_-118.184205_145.206036303.jpg 1920,1241,1379
113_015_33.952055_-118.184435_41.569473.jpg 1920,1265,1463
113_016_33.952038_-118.184268_29.9789344188.jpg 1920,1257,1565
113_017_33.952047_-118.184351_36.0827989252.jpg 1920,1074,1454
113_018_33.952064_-118.184519_46.4169382018.jpg 1920,1376,1579
113_019_33.952073_-118.184602_50.7038559278.jpg 1920,1247,1398
115_000_34.000830_-118.394717_55.666608.jpg 1920,987,1479
115_001_34.000664_-118.394605_16.8990182926.jpg 1920,191,385
115_002_34.000748_-118.394660_32.8825347942.jpg 1920,196,484
115_003_34.000907_-118.394783_79.1202044144.jpg 1920,1574,1883
115_004_34.000971_-118.394847_93.9475429858.jpg 1920,1103,1503
115_005_34.000908_-118.394783_79.254730.jpg 1920,1624,1861
115_006_34.000750_-118.394662_33.4771329374.jpg 1920,102,579
115_007_34.000835_-118.394721_57.2556956565.jpg 1920,943,1192
115_008_34.000971_-118.394846_93.8911421514.jpg 1920,1083,1371
115_013_34.000855_-118.394738_82.9023764934.jpg 1920,134,683
115_014_34.000932_-118.394804_98.1282035393.jpg 1920,945,1369
115_015_34.000908_-118.394783_93.947999.jpg 1920,1061,1414
115_017_34.000844_-118.394729_80.3059880153.jpg 1920,167,927
115_018_34.000961_-118.394835_102.272478123.jpg 1920,824,1170
116_006_34.114924_-118.245894_31.5645537806.jpg 1920,633,794
116_007_34.114997_-118.245964_40.8413489957.jpg 1920,674,806
117_009_33.977467_-118.392075_-32.345754266.jpg 1920,732,815
118_004_33.959703_-118.394925_138.637932897.jpg 1920,1327,1526
118_006_33.959796_-118.394924_149.307796284.jpg 1920,980,1156
118_015_33.959798_-118.394736_143.178942.jpg 1920,773,910
118_016_33.959678_-118.394925_126.58177343.jpg 1920,350,487
118_018_33.959799_-118.394655_148.149590504.jpg 1920,599,785
119_003_33.945614_-118.392912_49.8902563557.jpg 1920,679,923
119_014_33.945775_-118.392151_-76.5992756026.jpg 1920,1263,1514
119_015_33.945608_-118.392862_62.764998.jpg 1920,999,1273
119_016_33.945379_-118.392762_36.3047484811.jpg 1920,13,193
119_017_33.945563_-118.392822_55.716266985.jpg 1920,1189,1456
119_018_33.945614_-118.392908_65.527099289.jpg 1920,323,501
120_001_34.110320_-118.192013_25.9719329291.jpg 1920,1394,1591
120_005_34.110211_-118.191540_-30.413947.jpg 1920,895,1175
120_008_34.110166_-118.191630_-20.1480361262.jpg 1920,1034,1224
120_009_34.110121_-118.191721_-10.462570318.jpg 1920,1079,1312
120_011_34.110306_-118.192003_22.169264438.jpg 1920,1518,1608
120_015_34.110211_-118.191540_-34.934677.jpg 1920,1041,1229
120_018_34.110166_-118.191631_-24.181476454.jpg 1920,1160,1312
120_019_34.110121_-118.191722_-13.8239298457.jpg 1920,1190,1383
122_003_34.116596_-118.262196_160.649056278.jpg 1920,724,1367
122_004_34.116665_-118.262122_179.5884043.jpg 1920,1127,1332
122_005_34.116531_-118.262266_133.897334.jpg 1920,91,413
122_006_34.116393_-118.262413_85.8488713543.jpg 1920,557,944
122_007_34.116462_-118.262339_105.170009852.jpg 1920,26,146
122_008_34.116600_-118.262192_161.900367985.jpg 1920,667,1089
122_009_34.116669_-118.262118_180.277314778.jpg 1920,1164,1490
122_014_34.116770_-118.262010_188.275338058.jpg 1920,1348,1485
122_015_34.116531_-118.262266_85.043104.jpg 1920,1255,1409
122_016_34.116426_-118.262377_66.7646090153.jpg 1920,1110,1420
122_017_34.116478_-118.262322_73.6703797147.jpg 1920,1615,1781
122_018_34.116685_-118.262348_119.106747296.jpg 1920,1828,1898
122_019_34.116737_-118.262292_133.143840904.jpg 1920,1362,1606
