0	34.0117806529,-118.282612997
1	34.0133385653,-118.336576276
2	34.0478574962,-118.239675988
3	34.0624744019,-118.339229045
4	34.0419638655,-118.308654546
5	34.0471193561,-118.340161489
6	34.0472441937,-118.260337092
7	34.0618963455,-118.313262164
8	34.0260129396,-118.277859012
9	34.0490168668,-118.255935513
10	34.0514878211,-118.280208895
11	
12	34.053617938,-118.251105792
13	34.0567071467,-118.208153266
14	34.0403001106,-118.292783707
15	34.0398490444,-118.253515461
16	
17	34.0534951971,-118.275450996
18	33.9879800921,-118.291266911
19	34.053495161,-118.266407341
20	33.9745441688,-118.28227859
21	34.042893332,-118.250670333
22	
23	33.9748629942,-118.265642431
24	33.986177133,-118.224848589
25	34.0134929903,-118.256435215
26	33.9753810906,-118.248151341
27	33.972513195,-118.211437724
28	34.070496794,-118.291253361
29	34.0306367299,-118.335257142
30	33.974656907,-118.227559129
31	34.0231658267,-118.27958786
32	34.0618793218,-118.281378748
33	34.0629994743,-118.364815904
34	34.0847419217,-118.326407107
35	34.1017816684,-118.321912729
36	
37	34.0264294362,-118.19895191
38	34.020472475,-118.356030833
39	34.0911144879,-118.322632839
40	34.0902727534,-118.291576484
41	34.0736303469,-118.209595411
42	33.9748681586,-118.29973833
43	
44	34.1055353411,-118.337266142
45	34.1055971375,-118.286951856
46	
47	34.0837016456,-118.350114192
48	34.0748988863,-118.309530319
49	33.9614840272,-118.359655728
50	
51	34.0252678565,-118.2526672
52	
53	34.0354801885,-118.378168763
54	
55	33.9705936295,-118.187818064
56	34.0978497699,-118.343090275
57	34.0611204581,-118.244103397
58	33.9441497127,-118.206994084
59	33.9435178166,-118.200398821
60	33.9601741223,-118.37811048
61	33.9602283701,-118.278624261
62	34.0488432179,-118.251607744
63	34.0975120743,-118.335772889
64	34.0466778009,-118.255893184
65	34.0502653785,-118.291825466
66	34.0549294698,-118.383484804
67	33.9627424713,-118.224268525
68	
69	34.0100811397,-118.292632069
70	34.0762192231,-118.360688504
71	34.0667323297,-118.270764339
72	34.0432891321,-118.274266639
73	33.9879433669,-118.185981356
74	34.0586171701,-118.237683475
75	34.0392531248,-118.260920144
76	33.9452561379,-118.372380664
77	34.0759860154,-118.30075142
78	34.0907599118,-118.384878266
79	33.9787510177,-118.373034264
80	34.0731214578,-118.376792903
81	
82	34.0228753622,-118.371973323
83	34.0902396474,-118.309658087
84	33.9759355865,-118.357973325
85	34.0956880866,-118.208035572
86	34.0983085542,-118.310675062
87	33.9423460067,-118.265583507
88	34.0538026613,-118.37604731
89	34.1051629344,-118.259359998
90	34.1019460916,-118.300000207
91	33.9457442614,-118.333690603
92	34.0414466911,-118.204830936
93	34.0685628817,-118.343691021
94	34.0886686596,-118.27678252
95	33.9461691943,-118.353021452
96	34.0911002074,-118.361706925
97	33.9880458826,-118.186008486
98	34.0878694997,-118.379700107
99	34.0977564749,-118.364926408
100	34.0624507795,-118.345585301
101	34.0641217304,-118.376290149
102	34.1042428279,-118.330323686
103	33.9905944686,-118.256873394
104	34.0468577228,-118.246986588
105	34.0473274082,-118.316382637
106	
107	34.0561054966,-118.250276089
108	34.032249557,-118.351443587
109	34.0133358224,-118.336568897
110	33.9598091707,-118.256074593
111	34.0539613656,-118.355274296
112	34.0956872546,-118.208001814
113	33.9523638189,-118.1839513
114	
115	34.0008792928,-118.394576285
116	34.11468814,-118.246048455
117	
118	
119	33.9458438844,-118.392508959
120	34.1105171133,-118.191747545
121	33.9864177958,-118.392782202
122	34.116516131,-118.262137991