8.387439216
3.7469325
-0.7841557142
-0.0173530599
5.082264141
3.10594238
0.8965666358
-2.238880137
5.500929564
3.961844647
7.476183868
4.73509799
0.3454769682
2.180592273
-0.9339687106
9.919663502
11.77856851
-4.121586988
4.624321176
6.10203518
1.717310229
-2.009757564
4.379934944
8.405644159
5.857660416
-5.005134369
0.7952355956
-2.763449664
0.3748430603
-0.5538782068
-0.6991234884
8.288098916
1.294198666
6.391165305
2.578774881
5.175943732
21.16497716
1.45733518
10.41796577
0.1127375769
1.521334464
3.063449879
7.181185108
5.786263714
7.87181515
2.471522865
4.171947474
-0.04147175234
5.921516539
4.647751244
3.525999807
22.25365456
-6.052857125
6.926961378
5.295361725
7.2514681
8.009254362
1.293417581
5.810064987
1.392688132
4.899307767
-0.8790701135
1.455812287
2.244045726
1.924374095
2.414081202
9.30684756
7.58995873
7.732854087
-0.6977988944
4.503891455
4.226290316
6.785825778
4.615364331
3.793667924
7.598107255
1.545877464
0.5195067477
-1.511255286
10.52381338
-10.28554462
0.2783347553
3.037145025