0
0
0
0.0034797515538142771
0.00615455728585719269
0
0
0
0
0.00587430232090857193
0
0.000271380609472418599
0.00933306476775190574
0
0
0.00260721509186680623
0
0
0.0036657263589459743
0.00305306741893483259
0.00452936552852480079
0.00495375792503817934
0.000487277777510021146
0.00586801988413682661
0.00393736563625566617
0.00965090993064044757
0
0.012861197889168596
0.00403600278742867555
0
0
0.0242717461370983677
0
0
0
0
0
0.00433373822783747215
0.00254739293309013759
0.00625639321648541365
0.00192781434912761389
0
0.0289038834680304078
0.0122898175795150728
0.00895178144443052951
0.00465067653896316779
0
0
0
5.54579862882053709e-05
0
0
0
0
0
0.00558944433645412048
0.0109532724401392133
0.00460585723265301023
0.000367073070157525935
0
0
0
0
0.00363185322199562066
0.0127983303973562522
0.0272131358234627349
0.00516414596858576647
0
0
0.0145247051711136811
0.00704861752471015041
0.0112162814273958113
0.014851251115258755
0.00258436384990564901
0.0070625897453153088
0.00300141870347536005
0.00206656054904692105
0
0
0.00765965982765838896
0.00489765241661379788
0
0.00406034424724394799
0.00628409696924620877
0.0264186495781640607
0.00921243823082384949
0.00177496456526670624
0
0.0248510517194648652
0.00942316578802764038
0.00367959385403925912
0.00260212040977502671
0.00892776141797033303
0
0
0.00901596388774323319
0.00812471913993592643
0.0136847128216658169
0.00262886209390703757
0.00567657569947126617
0.00515531864373999175
0.00802104604206326649
0.0099887881831105356
0
0.00274779887992859795
0.00914098693033772551
0.00140676836737485241
0.0224294696568129691
0.012859713810410258
0.00997516548934461109
0.00519051735875418908
0.00568669026838846715
0
0.00470570315043502326
0.00257853626224001939
0
0.00912641694784675772
0
0
0.0119225091826981114
0
0.00105357894651351655
0
0
0
0.000604782811330527932
0
0
0
0.0261226597154328201
0
0
0
0
0
0.000190395603442884253
0.00326193237238072559
0
0
0.00615265897967830731
0
0
0
0.00086061225171632917
0
0
0
0
0
0
0
0.00160815535266176611
0
0.000387085053467414427
0.00568096223175962225
0
0.000416647088977931709
0.00388803749550906304
0
0
0
0
0
0.00285360034047100987
0
0
0
0.00567207863153546508
0
0
0.00243329582636865084
0
0
0
0
0
0
0
0
0
0.00105385189725411168
0
0
0
0
0.00852328583908652446
0.00231194741787316919
0.000349038385113412597
0.00538616855413137554
0.00116320909599973779
0
0
0
0
0
0
0
0
0
0
0
0
0
0
0
0
0.000877746913107799002
0
0
0
0
0.000751753094970169285
0
0.00312115766666906484
0
0
0
0
0
0
0.00591525083217720425
0
0
0.000679919780926352847
0.00270632013502403483
0
0
0
0
0.00383327286552578601
0
0
0
0
0
0
0.000653200436580971509
0
0
0
0
0
0.00939776781587783883
0
0.00311433089148055583
0.00633192484070351294
0.00254347086517877968
0
0
0
0
0
0
0
0
0.00506653308678304583
0
0
0
0
0.00180395505379138486
0.00220991853277424134
0
0
0.00326131379564078509
0
0.0021447898101125823
0
0
0
0
0
0
0
0
0.000160041486295889931
0
0
0
0
0
0.00014325906043226224
0.000819516456664674993
0
0.00263298364280325266
0
0
0
0.00115423020642409593
0
0
0
0
0
0.00269565397821592244
0.000667476938786261149
0
0
0
0
3.75131422019117904e-05
0
0.00264021734176505748
0
0.00323251752833274286
0
0
0
0
0
0
0.00521757804360869874
0
0
0
0
0.000544649741733987079
0
0
0
0
0.00156799388469468812
0
0
0
0
0
0
0
0
0
0
0
0
0
0.00169006002636700771
0
0
0.0027909946983328323
0
0
0
0
0
0.00291399948126274972
0.000802713658286909721
0
0
0.00369288187749242276
0
0
0.000121286405783645364
0
0
0
0
0
0
0
0.00457905806558925148
0
0
0
0
0
0
0
0
0
0
0.00528743571748523794
0
0
0.000297091691173687056
0
0
0
0
0
0
0
0
0.000289510565092343563
0.000141656828997165822
0
0
0
0
0.00105731864937214049
0
0.00453799560636136256
0.00241816075000887481
0.000667521007986583638
0
0
0
0
0.000258481763793342722
7.23406427898311841e-05
0
0
0.000578830108463518778
0
0
0
0
0
0
0.000690142548202783983
0
0
0
0
0.00162866521565674664
0
0
0.00129888729049585381
0
0.00630160981389445238
0
0
0.000619365788792706692
0
0
0
0
0.00616900475592164696
0
0
0
0
0
0
0.0026191507759548158
0.0018903460985446284
0.000460438514653153507
0
0
0.000337001813567837198
0
0.00120492218813800407
0
0.000788640826005100647
0
0.00301691207854594759
0
0
0.00268921048425622847
0
0
0
0
0
0
0
0
0
0
0
0
0
0
0
0
0.00160352869070399368
0
0
0
0
0
0.00262891286557118131
0
0
0
0
0
0.014283803639821905
0
0
0
0
0.00125020378366064513
0
0
0.00171398410629494138
0
0.00339390545890450165
0.00248729503559408892
0
0
0
0
0
0
0.000900010950475130266
0
0
0
0
0.00383680532763701516
0.00187377882826758125
0
0
0
0
0
0
0
0
0
0
0.000554887352458226235
0
0
0
0
0
0
0
0
0.00332672333638462043
0
0
0
0
0.000241133119420742592
0
9.39098610703466286e-05
0
0.00439651390908706117
0
0.00169988183962368512
0
0
0
0
0
0
0.000522505028081402694
0
0
0.00173954306573054175
0
0.00319525687145023884
0
0
0.00020365110164775142
0
0
0.00081755729110010323
0.000992688729454987116
0.000615792623410951756
0
0.00198399763281816629
0
0
4.18724414272670148e-05
0
0
0.00563597265536339848
0.00143964740647384249
0
0
0.00355304427237467446
0
0
0.00221091409996475438
0.00344413231681879465
6.08085254934220831e-06
0.00544089368287647718
0
0
0
0
0
0
0
0
0
0
0
0
0
0
0
0.00287833957106790926
0.0041064378931979055
0.000615420206013013926
0
0
0
0.00273983991663907193
0.00196176915020505665
0
0
0
0
0.000857948407412602765
0
0
0
0
0.00139231461397030555
0.00115075917496250965
0
0.00481599861744362763
0
0
0
0
0
0
0
0.00206227070595875559
0
0
0.00443942200809898085
0
0
0
0
0
0.0013139957494577826
0.0040195103388176558
0.001069715309676692
0
0.000379869401614166312
0
0
0
0
0
0
0.00849273365878600375
0
0.00306215536743440365
0
0
0
0
0.000553365097989134275
0.000434846499339986477
0.00614222455590508493
0
0
0
0
0
0
0
0.00126442094089155091
0.00266285935588881847
0
0
0
0.00117173733022038094
0
0
0
0
0
0.00115426275887796923
0.0044506300842671858
0
0
0
0
0
0.00415968796844160774
0.00185142272878508624
0
0
0
0.00205462553225259012
0
2.44483810907342668e-05
0
0
0
0
0.00446084883013821154
0
0
0
0
0
0
0
0
0
0.000469224004977276694
0.00562012346236809637
0
0
0
0.00532004018199341063
0
0
0.00110533470274728368
0
0.00113213931744776891
0
0
0
0
0
0.000966271537877666335
0
0
0
0
0
0
0
0
0.00151333700709602257
0.00344235826024554339
0.0040563354555608732
0
0
0
0
0
0
0
0
0.00179521674176887427
0.00468239606259017276
0.000910992123946983653
0.00106444436656907317
0
0.000286920210188064515
0
0
0
0
0
0.00519741460361944786
0
0
0
0.00284603785768165708
0.00407460530172841333
0.000338135897989588546
0
0
0
0.00136869382004293745
0
0
0
0
0
0
0
0
0.00195378530652799004
0.00126706030475184873
0
0
0
0
0
0
0.00163148348007546764
0.00266152083582625945
0
0
0
0
0
0
0.00241881694430858734
0
0
0
0
0.00285591219658962083
0
0
0
0
0
0
0
0
0
0
0.00128131586028554776
0.00353999728011768645
0
0
7.66482357815647525e-05
0
0
0
0
0
0.00477325969078138453
0.00229142346197217742
0
0
0.00162192739794261485
0.00234084764992891804
0.0010611018641536042
0
0
0
0
0
0.00209159699494535813
0.00217940694921666496
0
0
0
0
0.00515290191599352895
0.00154924501993699421
0
0
0
0
0.00282882943425968696
0
0
0
0
0
0
0
0
0
0
0
0.00055520293677196607
0.00479779948929327793
0
0.00332413944942892793
0
0
0
0
0
0
0
0
0.000310983208414663918
0
0.00370385261780251281
0
0
0
0
0
0
0
0
0
0
0
0
0
0
0
0.00115351903468250468
0
0
0
0
0
0
0.000337010542273259934
0
0
0
0.00203944425739647703
0
0
0.00527369160363150291
0
0
0.00403235953893463749
0
0
0.00211311369930585434
0
0
0
0.000849692661457497264
0
0
0
0
0.00022240362608980449
0
0.0018503654456493053
0
0
0
0
0.000774626928195891505
0
0
0.0027372838677230814
0
0
0
0
0
0.00323863413959211543
0
0
0.000335088146238322112
0
0.00120901855878065507
0.00121833096184308098
0
0
0
0
0
0
0.00121025637734636427
0
0
0
0.000968459322821280523
0
0
0
0.000111601469181095685
0
0
0
0
0
4.07011565573071324e-05
0
0
0.00100991501827831192
0
0
0
0.00078232542018054959
0
0
0
0
0
0
0
0
0
0.00107659350874501013
0.001304609373547817
0.00503721010343163682
0
0
0
0
0
0
0
0
0
0
8.7830459604938205e-05
0
0
0.00573536532819804261
0
0.00259277273322802791
0.0012581518394195895
0.00240009178583968155
0
0
0
0.00237658048671421981
0.00221273936821305773
0.00249538523189437363
0.00215617657417964273
9.77530921692580223e-05
0
0.000128279340025055011
0
0
0
0
0
0
0
0
0.0021068237092272922
0.000990519596979369185
0
0
0.00168078740975851379
0
0
0
0
0
0
0
0
0.00132070196863876693
0
0.00112460308239429089
0
0
0.000483673401087435402
0
0
0
0.00138725615085561892
0
0
0.00787736924356601496
0
0.00218890384067781324
0
0
0
0
0
0
0.00105404140137361699
0
0
0
0
0.000718128095895724473
0
0.00137237290828238828
0
0.00714105467905407944
0
0.00187264610841984683
0
0.00277421327835214318
0
0.00152174493019227651
0
0
0
0
0
0
0
0.00296948008402701108
0
0
0
0
0
0
0
0
0
0.0066767986299354886
0
0
0
0
0
0
0
0
0
0
0
0.000589276955445373549
0.000826932884412672929
0.00368373096983816472
0
0.00626763975942895568
0
0
0
0
0
0.000531142906258616943
0
0
0
0
0.000499315310054631559
0
0.00635004326850375535
0
0
0
0.00223874947694914332
0
0
0
0
0.00198306270224613392
0
0.000341144778366934856
0
0
0
0
0
0
0
0
0
0.00381359426751701116
0
0
0.00595129047571813733
0
0
0
0
0
0
0
0
0.00524151601225626533
0.00412601348405356502
0
0
0
0
0
0.00065370599425039976
0
0
0.000418389076139039648
0
0.00036552267814094104
0
0.000813195540212490473
0
0
0
0
0.000789569589042608366
0
0.00324937598662231346
0
0
0.00084820954298153923
0
0
0
0
0
0
0
0
0
0
0
0
0
0
0
0
0
0
0
0.0026680663296731813
0
0
0
0
0
0
0.000859039591419751523
0
0
0
0
0.0096090812898839556
0
0
0.00112401939705236579
0
0
0
0
0.0078390916441282623
0
0.00567710599195969754
0.00136319610187020943
0
0.00161755795834437385
0
0
0
0
0
0.00120687820103655957
0
0.00289059041048064661
0.00657235520848716524
0
0
0
0
0
0
0.00239540416332022568
0
0
0
0.000127937140370570912
0
0
0
0
0.00513811354497422951
0
0
0.00114167741833783726
0
0
0.000235815452815225831
0
0
0
0.000295065314391212887
0
0
0
0
0
0.00311049663062124351
0
0
0
0
0
0.00145805153585195886
0
0.00084866468664069228
0.000944391772972789662
0
0
0
0
0
0.000460124775135762124
0
0
0
0
0.00309138697625152559
0
0
0.00254497845759076068
0
0
0.00264808153366230536
0
0
0.00191666908283058329
0
0
0
0
0.000777011841762044594
0
0.00177021189294558319
0
0.00352652601086803725
0
0.00657610134220199156
0
0.00064371104955896429
0
0.00332749563155264154
0.00486194663368139102
0
0.00239092302895945602
0
0
0
0.000463822827199553665
0.00510311939947892014
0
0.000898727892466405671
0
0
0
0.00290914962533980054
0
0.00126059276202691081
0.00121388919328518745
0
0
0
0
0
0
0.00889972567370099672
0
0
0
0
0.00588209831655511252
0
0.00135306239633563069
0
0
0
0
0.00239914702184736844
0.000138123982877592227
0
8.05395255356419369e-05
0
0
0
0.000155886443393586649
0
0
0.00363879913867931138
0
0.000577063932802557365
0.00146988976839504924
0
0
0
0.00174694833781484046
0.00155291500336793634
0.00469922237600624466
0
0
0.00180922455450165586
0
0
0
0
0
0
0
0.00126421650875354523
0
0.0049802649293340627
0
0
0.000445437316786720632
0
0
0.00159291138927736427
0
0
0
0
0
0
0.00241969256202357067
0
0
0
0
0
0
0
0.00319057082435335402
0
0.00514606041681676084
0.00546032408838517495
0
0.00301407651980375351
0
0.000937954584906634803
0
0
0
0
0
0.0035651791513547082
0.0023299310086979416
0
0
0
0
0
0
0
0
1.81311396056611307e-05
0.00513644479051145186
0
0
0
0.00045949621409036869
0
0
0
0.0028301814060720824
0
0
0
0
0.00376771114674851566
0.00337827606529381716
0
0.00210953164856265063
0
0
0
0.0019801114667146783
0.00524254456472483896
0
0
0
0.0015627572758559504
0
0
0
0
0.00459204233238332763
0
0.00365038627305522062
0
5.17441114962367745e-05
0
0
3.46187219380119076e-05
0
0
0
0
0.000279767074248284218
0
0
0
0
0.000395659733542752176
0
0
0
0.000703453213570050576
0
0
0
0
0
0
0.00128878023594174228
0.00369899702671824034
0
0
0
0
0
0
0.00200960090576758057
0
0.00160093907709443284
0
0
0
0
0
0
0
0
0
0
0
0
0
0
0
0
0
0
0
0
0.00115396999765354259
0
0
0
0
0
0.000176558696053287544
0
0
0.000896532120586454248
0.0006248672576858389
0.00168726693291965102
0
0
0
0
0.00525713133515287763
0
0
0
0
0
0
0
0
0
0.000210555564455834794
0
0
0
0
0
0
0
0
0
0.00181941855223934469
0
0.00122153580001893493
0
0
0
0
0
0
0
0.00109685432008418461
0
0.00459441705732893321
0
0
0.000404536116295926981
0
0
0
0
0
0
0
0
0
0
0
0
0
0
0
0
0
-0
-0.00109160119025953663
-0.00173680033052250101
-0
-0.00025975415745210003
-0
-0.00479402237962511715
-0.000839092124462754605
-0
-0.00482913908317518081
-0
-0
-0
-0.00184070344867768286
-0
-0.00119821042948101836
-0
-0
-0
-0.00130390358501059674
-0
-0.00894295195508631319
-0
-0
-0
-0.00147492486394479728
-0
-0
-0
-0
-0
-0.00179870749786628821
-0
-0.00917743341933509836
-0.00120291491892278619
-0.000777296513040896461
-0.00473320583209700402
-0
-0.000816181008744447465
-0.0012853228043010357
-0
-0
-0
-0
-0.00557043469752974574
-0.00289197709294639364
-0.00133088865689798969
-0
-0
-0
-0.00254494634403767484
-0.00392613539417765306
-0
-0.00499591418892671776
-0
-0
-0.00180093317132013733
-0
-0
-0
-0.00530448837224724301
-0
-0
-0
-0.00232170696238162165
-0.000508517422189192023
-0
-0
-0
-0
-0.000694037509311269695
-0.00285263425003572622
-0
-0
-0
-0.0103959512366133336
-0
-0.000377720510734501141
-0.00233640229487837347
-0.000357286643575297283
-0
-0
-0
-0
-0.0028244027379019411
-0.00664709953747247197
-0.00488831505985565587
-0
-0.00360643025342043556
-0
-0
-0
-0.000979883998591908134
-0
-0
-0.0009145315214335566
-0
-0.000464977664952629516
-0
-0
-0
-0
-0.00104898676361787359
-0.00238497797063968965
-0
-0.000409808293483417423
-0
-0.00232219364011907684
-0
-0.00269245406237252115
-0
-0.00131928335528095362
-0
-0
-0.00347254929616965012
-0
-0.00202108363803488395
-0.00386025590223344804
-0.00307495267165314905
-0.00018713713874305999
-0
-0
-0
-0
-0
-0
-0
-0
-0
-0
-0
-0
-0
-0
-0.00332185456071138873
-0
-0
-0
-0.00331822960558968453
-0.00265198370569827988
-0.000777835596816896842
-0
-0
-0
-0
-0.00470247529635697478
-0.0005984066944819831
-0
-0
-0
-0
-0
-0
-0
-0.000387205264146440727
-0.00183705912512814248
-0.00173375404755262016
-0
-0
-0
-0
-0.00325733412664616293
-0
-0
-0
-0
-0.00225135939669673848
-0
-0
-0
-0
-0
-0.00527144903319484194
-0.00152584931688800772
-0
-0
-0
-0
-0
-0
-0.00246364150676762345
-0
-0
-0
-0
-0.00520997938994747882
-0.00125872969755898593
-0.000213169679436520749
-0.000432642556021280676
-0
-0
-0
-0
-0
-0
-0.0054883115517080517
-0
-0.00284657977864779307
-0.00393482205370783086
-0
-0
-0.000984504926104375023
-0
-0
-0
-0
-0
-0.00300385064787849973
-0.00505967194506868907
-0
-0
-0
-0
-0
-0.00278406497289052698
-0
-0
-0
-0.00228343061395436687
-0.00243692783440215173
-0
-0
-0
-0.00313605357959322734
-0
-0.000136854535160378307
-0
-0
-0.00235653290892705314
-0
-0.00685423124564707009
-0
-0
-0
-0
-0
-0.00170035464969251816
-0.00163037336699391124
-0.00224008458701707366
-0
-0
-0
-0.00117497854598598529
-0
-0.00393485142316769669
-0.00512524034051674727
-0
-0.0079960261598367062
-0
-0.00351748680204978662
-0
-0.000599706066845749619
-0.00195578996269890138
-0
-0
-0
-0
-0
-0
-0.000814588840199153728
-0
-0
-0
-0
-0
-0
-0
-0
-0
-0
-0
-0.00276447103551182927
-0
-0
-0
-0
-0
-0
-0
-0
-0
-0.000915614614081908078
-0
-0
-0
-0
-0
-0.00227009664293364392
-0
-0
-0.00516565832343880271
-0
-0.00104797284266834037
-0
-0
-0
-0
-0.00456350383335788444
-0
-0
-0.00211520177114066319
-0
-0
-0
-0.00432580921948224738
-0
-0
-0.00305511278530823382
-0
-0
-0
-0
-0.00309235237286798132
-0
-0
-0
-0
-0.00114603834797914511
-0
-0
-0
-0
-0
-0.00128050761247803049
-0
-0
-0
-0
-0.00184403317987482393
-0
-0
-0.00824248723234301262
-0.00773661519698452382
-0.00389192916202339093
-0.00992328027942284904
-0
-0
-0
-0
-0
-0.00153555023466374384
-0
-0.00301710032048435389
-0
-0
-0
-0
-0
-0
-0
-0
-0.00285530502267542603
-0.00253705534524325052
-0.0017194720998129603
-0
-0
-0.00790270783153308731
-0
-0
-0
-0
-0
-0.00103399149287569311
-0
-0.00478027837355477977
-0
-0
-0
-0
-0
-0
-0.00187427915412133978
-0.00787927692694759957
-0
-0.0050567613699414541
-0.000276266251928762249
-0.000912361176013161282
-0.00192697700875847948
-0.000120175356177281225
-0
-0
-0.000935676429453495204
-0
-0.00119402681920412288
-0
-0.00248585650255308838
-0.00226908045357812876
-0
-0.00552459541103468219
-0
-0
-0.00118092792506330571
-0
-0.00505105434361931456
-0
-0
-0
-0.00391477960995564086
-0
-0.00395657712613880184
-0
-0
-0
-0
-0
-0
-0
-0.000325894079016209991
-0
-0
-0
-0
-0
-0.00201242151872797325
-0
-0.00198051326093582562
-0
-0
-0
-0.00179726969330769662
-0
-0
-0
-0
-0
-0.00315526739599495364
-0
-0
-0
-0.0043052086312849432
-0.00241926729180106954
-0.00130205120348899197
-0
-0
-0.00220357403182591498
-0.00575545199486367665
-0
-0
-0
-0.00108866667422980205
-0
-0.00143657094961330864
-0
-0.0046184810484614534
-0
-0
-0
-0
-0
-0
-0.000857040323276207121
-0
-0
-0
-0.00793131508923257574
-0
-0.00180792401004185302
-0
-0.00100385892768708237
-0
-0
-0
-0.000295443247437377279
-0
-0
-0
-0.00166484634157468931
-0
-0
-0
-0
-0
-0
-0
-0
-0.000769640275309900566
-0
-0.00150410376863826406
-0
-0
-0
-0
-0
-0
-0.00135214134874504094
-0.00294359806345101524
-0
-0.00100795790362597621
-0.00731186038200355715
-0.00167918014377650736
-0
-0.000868053732131645705
-0
-0.00139477548897762207
-0
-0
-0
-0
-0
-0.000610304546018628738
-0
-0.00352402314127111486
-0
-0
-0
-0
-0
-0.00484425026796345658
-0
-0.000703893670780600476
-0
-0
-0
-0
-0
-0
-0
-0
-0
-0
-0.00561056998809797858
-0.00248613001090470425
-0
-0.0003422899736342718
-0.0113235314132980186
-0
-0
-0
-0
-0.00120049072660356163
-0.00213590486984600175
-0
-0
-0.0106277131731874665
-0.000418602179153924675
-0
-0
-0.00620499021949366507
-0
-0.00352182264704883072
-0
-0.00333133653591018283
-0.00233408906126565284
-0.0120321031084458362
-0.000334302040801564464
-0
-0
-0
-0.00793254656389696076
-0
-5.48538581846451173e-05
-0
-0
-0
-0
-0.0028003910736926884
-0
-0
-0
-0.000975883791980027547
-0
-0.00285418104113111925
-0
-0.000122042809625385988
-0
-0
-0
-0
-0
-0
-0.00153196660474948709
-0
-0
-0
-0
-0
-0
-0
-0
-0
-0
-0
-0.00166200074644917576
-0.00395535638739143939
-0
-0.0022021063866189826
-0
-0
-0
-0.00521568963056637334
-0
-0
-0
-0
-0.00480543687109547153
-0.00343285652152270672
-0
-0
-0.00289318156789379697
-0
-0.00106962140397934714
-0
-0
-0
-0
-0
-0
-0
-0.0011172768785687689
-0
-0
-0
-0
-0.000363384791292824033
-0
-0
-0.00098781764248442698
-0
-0.00435145901693318338
-0
-0
-0
-0
-0
-0
-9.00145249704989117e-05
-5.9449485080840885e-05
-0
-6.38772355950389866e-05
-0
-0
-0
-0
-0
-0
-0
-0
-0.00255716608594388356
-0
-0.00251493975300527695
-0
-0.00752690883529744288
-0
-0.00143223824019542991
-0
-0
-0.00177895958263107694
-0.00468874838084858397
-0
-0.00633583661996569777
-0
-0
-0
-0
-0.00532128976980902803
-0.00146517996872852691
-0
-0
-0
-0
-0
-0
-0
-0.00052820967207366969
-0
-0.000101749522286196054
-0
-0
-0.00313661623678498404
-0
-0
-0
-0
-0
-0
-0
-0
-0
-0.00773076644788374921
-0
-0.000642600459851545847
-0
-0.00213090531386284088
-0
-0.000707007794855020076
-0.00209501324589334709
-0
-5.57547031160043655e-05
-0
-0.00262753664179364837
-0.00258768420791985606
-0
-0
-0.000192311558841316019
-0.00339307775373293109
-0.00032159792824447837
-0
-0
-0
-0
-0
-0
-0.0048821933287934681
-0.00134588823167300776
-0.00302183462985046447
-0
-0
-0.000861554503358056677
-0
-0
-0
-0
-0
-0
-0
-0
-0
-0.00331754340531441099
-0
-0
-0
-0.00533687040382183758
-0.00113709522207511705
-0
-0
-0.00168531007693278065
-0
-0.00228425265729266785
-0
-0
-0
-0
-0
-0.00481492507509427656
-0
-0
-0.00278984987670875904
-0
-0
-0
-0
-0
-0
-0
-0
-0.0108650332799395642
-0
-0
-0
-0
-0.00202856166824002052
-0.00140217817997556832
-0.000498608941971648897
-0
-0
-0.0021481456429972021
-0
-0
-0
-0
-0.00363375267759336734
-0
-0
-0
-0
-0
-0
-0
-0
-0
-0
-0.00374093324112707891
-0
-0
-0.00338908640996590706
-0.000450816179286211679
-0
-0.00024348002964607934
-0
-0
-0
-0
-4.45845813928691425e-05
-0
-0.00228788514282408017
-0
-0.00536732441843858037
-0.00162415480439458745
-0
-0
-0
-0.00196167924207444645
-0
-0
-0.00810067449816014896
-0.000929819448065218523
-0
-0
-0
-0
-0.00414369523173757984
-0
-0
-0
-0
-0
-0
-0
-0
-0
-0.0087953159098202692
-0.00260164634381259991
-0
-0.000633753809068870739
-0
-0.000251142394973911422
-0
-0
-0
-0
-0.00135351728364703407
-0
-0
-0
-0
-0.000702475519580863942
-0
-0.000352697248992383801
-0
-0
-0
-0
-0
-0
-0.000861110689261087225
-7.44861797813867361e-05
-0.0108777474882846177
-0.00384426445982611123
-0.00331553459508255721
-0
-0.00130117521564522142
-0.00340026058449710263
-0.00966186544777923075
-0.0011437496827544605
-0
-0
-0
-0
-0.00185878627308555837
-0
-0
-0
-0.0023122130389070213
-0
-0
-0
-0.00207167097513231329
-0.00587445764831556576
-0
-1.31838799500980292e-05
-0.0020717491776285268
-0.00501304510655410217
-0
-0
-0
-0
-0
-0
-0.000629439924276697688
-0.00236919731998810109
-0
-0
-0
-0.00214243620809640009
-0
-0.000541066861417326779
-0
-0
-0.00711782917378163578
-0
-0.00318114423178763716
-0
-0
-0
-0
-0
-0.00035820657409534138
-0
-0
-0.00379918937143067931
-0
-0.00164039075310399435
-0
-0
-0
-0
-0.00284416588691531556
-0
-0
-0.00572675987779729286
-0
-0
-0
-0
-0
-0
-0
-0.000672674702626359388
-0
-0
-0
-0.00363337639464515099
-0
-0
-0.00205035243462506301
-0.00347988316057950978
-0
-0.00029347170523362769
-0
-0
-0.000798867631636890774
-0
-0
-0
-0.00225182723950118372
-0
-0
-0
-8.37914249295925416e-05
-0
-0.00438482175337482488
-0
-0
-0.000564945597814487006
-0
-0.00651261669098118084
-0
-0.00128098170453277678
-0
-0.0050957165461836991
-0
-0
-0
-0
-0.00226180379069384607
-0
-0.00818207315200306963
-0
-0
-0
-0
-0.000646461130793053338
-0
-0
-0
-0.00135253552509454226
-0
-0
-0
-0
-0
-0
-0.00709666952594253768
-0
-0.00373078085535987446
-0
-0
-0.000270797537986388758
-0
-0
-0
-0.00696171662854549837
-0
-0.00135336875926476974
-0
-0.00507804790196587919
-0
-0
-0
-0
-0
-0
-0
-0
-0
-0
-0
-0
-0
-0
-0
-0
-0
-0
-0
-0
-0
-0
-0
-0
-0.00189720490303790009
-0.00476934604124943859
-0
-0
-0
-0
-0
-0
-0.00279868673186561747
-0.000984372244367027766
-0.000941462710394088613
-0
-0.00061011718169107958
-0
-0
-0.000360423527026675246
-0
-0
-0
-0.000230685860954037451
-0
-0
-0.00381477643913360944
-0
-0.00165824710183906567
-0
-0.00205742859350037475
-0.00324096214476035389
-0.00245919689826639516
-0
-0.00175694662199622677
-0.00309661893937150136
-0
-0
-0
-0
-0
-0
-0
-0.00576861894079049725
-6.86444144299433543e-05
-0.00103127596123442833
-0
-0
-0
-0
-0
-0.00149823709803966441
-0
-0
-0
-0
-0.00192223560816709286
-0
-0.00219353514297696917
-0.00445263824062721442
-0
-0
-0
-0
-0
-0
-0
-0
-0
-0.000780379068743573649
-0
-0.00198846956327516792
-0
-0
-0
-0.00071361639872242913
-0
-0
-0
-0
-0.00386181355257963783
-0.00102989321367268267
-0
-0.00119018458850713967
-0
-0
-0.000572927258961954079
-0
-0.00301197471623319921
-0.00188127308636738236
-0.00484022945480161101
-0
-0
-0
-0.00400619040827157429
-0
-0
-0.00919162003435689337
-0
-0
-0.00283188315144107701
-0
-0
-0.00542870318222634686
-0.00565647889569609406
-0
-0
-0
-0.00468762500268219817
-0
-0.00212357232788657141
-0
-0
-0.00197522511541692487
-0
-0
-0
-0
-0.00187087471873336386
-0
-0
-0.000596425019858253316
-0
-0
-0.00255556753583409575
-0
-0.00102602451172677765
-0
-0
-0
-0
-0
-0
-0
-0.00456590440669593558
-0
-0
-0.00336267984055491596
-0
-0
-0.011726034811401673
-0
-0.011184842146268463
-0
-0
-0
-0.00252358461088884618
-0.000377775258804746413
-0
-0
-0
-0
-0
-0.00400627287730908992
-0.00826894336852776468
-0.001527897059161271
-0
-0
-0
-0
-0
-0
-0.00364346116678478755
-0.00175488305560468801
-0
-0
-0
-0
-0.00545750204150025151
-0.00447088571049941187
-0
-0
-0
-0
-0
-0.00536873929263283461
-0
-0.00755471789880275777
-0.00114624766172243572
-0
-0.00265263408508522669
-0
-0.00638009165758783147
-0
-0
-0.000868682975782206841
-0.000796336478946086269
-0.00349893833006985257
-0
-0
-0
-0
-0
-0
-0
-0.00031344871514288504
-0
-0
-0
-0.00360848697316042046
-0
-0
-0
-0.00758057071907704445
-0
-0
-0.00644974138217646771
-0
-0.00196902488007077298
-0
-0
-0
-0
-0
-0
-0
-0
-0.00116075538477623786
-0
-0.000949730352230926042
-0.00276753691157492548
-0
-0.0116380341561488666
-0.00221918484081896124
-0.00342035898678843099
-0.00551401676845846012
-0.00259804685551671445
-0.00185571767636518196
-0
-0
-0.000320497941718869434
-0.00147939316251279908
-0.00542207080969842135
-0
-0.00207747338638056365
-0
-0
-0.00117270466574828473
-0
-0.00336135973501269173
-0.0047536089514353631
-0.000107178902080913531
-0
-0
-0.00334932731679265811
-0
-0.00288442235478002023
-0
-0.00212673736996566408
-0
-0.00291014334144281805
-0
-0
-0.00609038770287159345
-0
-0
-0.00059925540229758688
-0.00591376561163280915
-0
-0.00594805767097841311
-0.00709187194610177377
-0
-0
-0.0026012064179569503
-0.00604837373556690004
-0
-0.000702255479626232981
-0
-0
-0
-0
-0
-0.00293243920362919706
-0
-0
-0.00125816861558949284
-0.00138888145143666476
-0
-0.00259685855771711648
-0
-0
-0
-0.00076800992161077798
-0
-0.00138655307307833158
-0
-0.00594350274984214479
-0
-0
-0
-0
-0
-0
-0.00434781332078540503
-0
-0.00447465400839830874
-0.000392027891612694787
-0.000924220660328622847
-0
-0.00354677276026569167
-0.00103328344108047127
-0
-0
-0
-0
-0
-0.000199688381999707639
-0
-0
-0
-0
-0
-0.00221510964394161037
-0
-0.00106975533299483779
-0
-0
-0
-0.00658391629241451056
-0
-0
-2.36246607096400781e-05
-0
-0
-0
-0
-0
-0.00183238562555232518
-0
-0
-0
-0
-0
-0
-0
-0
-0
-0.00538778750283958052
-0
-9.40589840350796846e-06
-0.00326570314985313815
-0.0020847131980865994
-0
-0
-0
-0.00506731941735261149
-0
-0.000203069575603393132
-0
-0
-0.000448252078698353393
-0
-0
-0.00374172932599606961
-0.00158018853388211143
-0
-0
-0
-0
-0.00765618873731432979
-0
-0
-0
-0
-0
-0.00380147612008213676
-0.00546019437487571275
-0.00239061109326020246
-0
-0
-0
-0.00144078192702606217
-0
-0
-0.00318473570267408185
-0.00132750002202047888
-0
-0.000575829295787492297
-0.00260074136768098131
-0
-0.0050907949157979861
-0
-0
-0.00323875457767905644
-0.00321138962476647275
-0
-0
-0.00426605707652326013
-0.00257353021980079181
-0.00103380621310913403
-0.000101493225330742589
-0
-0
-0
-0
-0
-0
-0
-0
-0
-0.00578223181853282971
-0
-0.00290271716092692193
-0
-0.00127256256231442601
-0
-0
-0
-0
-0.00603361686294575338
-0
-0.00288267753766125595
-0
-0
-0
-0.00315556476928309211
-0
-0.0018252424601883266
-0.00193847005940570418
-0
-0
-0.0100750542175307989
-0
-0
-0
-0
-0.00656340556263901049
-0.00436665466978281448
-0
-0
-0
-0
-0
-0
-0.00365831013561605757
-0
-0
-0.00275680388418827766
-0
-0
-0
-0
-0
-0
-0
-0
-0
-0
-0
-0
-0
-0
-0
-0
-0
-0
-0.00389057144484303546
-0
-0
-0
-0
-0
-0.0069544011522353422
-0
-0
-0
-0
-0
-0.00298904393649475049
-0
-0
-0.00613305777657797285
-0
-0
-0
-0
-0
-0
-0
-0
-0
-0
-0.00941325221036143529
-0
-0
-0
-0
-0
-0
-0.00400939939222159664
-0
-0
-0
-0
-0
-0
-0.00842959047290088581
-0
-0
-0.000862410065371157141
-0
-0.00334959968606349289
-0
-0.00510680373782795415
-0
-0
-0
-0
-0.00163161931576954046
-0
-0
-0
-0
-0
-0.00401722880423099546
-0
-0
-0.00985117485584002459
-0
-0
-0
-0
-0
-0
-0
-0
-0
-0
-0
-0
-0
-0
-0
-0.000970976226629337389
-0
-0.00321301986592175109
-0
-0
-0
-0
-0
-0
-0.000989689727441164574
-0
-0
-0
-0
-0.00401002198912679946
-0
-0
